100 100 100 300 
0 19 87 88 55 
1 47 58 56 31 
2 37 25 34 14 
3 46 50 72 29 
4 97 41 94 21 
5 45 32 0 31 
6 3 11 7 67 
7 64 72 30 85 
8 48 25 22 16 
9 54 82 27 20 
10 60 27 83 29 
11 72 8 75 30 
12 80 13 94 34 
13 57 96 34 66 
14 8 82 34 74 
15 12 75 6 61 
16 81 31 10 89 
17 69 55 30 18 
18 69 38 22 41 
19 92 26 8 10 
20 37 87 68 36 
21 74 68 62 0 
22 98 73 49 32 
23 17 60 51 63 
24 45 14 30 3 
25 69 33 69 11 
26 67 17 6 42 
27 96 11 13 36 
28 52 40 26 22 
29 93 63 46 73 
30 75 65 44 6 
31 52 20 72 54 
32 76 50 68 70 
33 81 52 8 83 
34 37 59 51 0 
35 53 79 80 57 
36 93 36 78 32 
37 0 92 4 34 
38 80 85 18 49 
39 86 80 13 68 
40 1 43 28 92 
41 26 79 27 60 
42 7 56 87 7 
43 56 48 43 19 
44 90 18 87 32 
45 17 29 71 89 
46 9 36 11 21 
47 75 88 81 4 
48 4 10 36 28 
49 62 38 96 97 
50 57 62 49 82 
51 42 68 18 18 
52 38 43 71 5 
53 32 40 27 12 
54 88 72 87 53 
55 30 47 92 98 
56 79 6 51 25 
57 36 40 47 28 
58 7 59 8 48 
59 56 69 42 27 
60 86 31 98 53 
61 93 59 17 69 
62 52 48 91 54 
63 11 10 31 42 
64 12 76 91 35 
65 7 63 34 73 
66 18 93 51 73 
67 28 95 6 30 
68 63 92 17 4 
69 46 19 89 15 
70 45 61 70 83 
71 71 3 31 96 
72 1 58 85 99 
73 29 75 43 43 
74 27 19 43 10 
75 86 10 62 26 
76 28 38 49 66 
77 84 90 49 97 
78 75 56 34 35 
79 16 98 45 1 
80 55 94 97 85 
81 19 71 40 23 
82 52 0 29 80 
83 48 83 40 6 
84 61 2 33 84 
85 54 75 95 32 
86 47 28 49 8 
87 74 1 63 62 
88 7 44 11 95 
89 60 57 23 38 
90 8 35 0 92 
91 84 15 52 2 
92 41 46 36 68 
93 71 26 76 57 
94 41 86 13 83 
95 17 14 35 96 
96 80 30 42 4 
97 43 50 77 90 
98 84 48 95 27 
99 57 46 40 49 
100 94 94 27 9 
101 74 67 29 94 
102 76 72 65 31 
103 53 72 2 27 
104 90 82 56 10 
105 27 36 72 31 
106 67 94 78 33 
107 68 89 49 44 
108 64 39 89 1 
109 6 77 56 91 
110 78 76 94 93 
111 22 65 56 51 
112 59 64 56 98 
113 57 88 39 7 
114 71 14 49 52 
115 11 61 32 98 
116 39 63 47 31 
117 97 1 27 41 
118 1 81 56 37 
119 16 5 38 43 
120 7 83 48 37 
121 44 14 52 93 
122 56 89 93 44 
123 75 64 50 66 
124 7 12 29 8 
125 8 98 43 11 
126 18 15 78 58 
127 44 77 74 61 
128 71 29 42 49 
129 57 0 11 11 
130 62 60 29 81 
131 11 1 7 26 
132 67 28 26 35 
133 92 85 82 65 
134 19 34 79 55 
135 41 28 91 62 
136 16 29 15 64 
137 77 75 69 68 
138 33 86 33 3 
139 27 60 6 13 
140 20 94 13 28 
141 37 17 49 69 
142 38 28 88 36 
143 47 94 30 37 
144 32 55 54 54 
145 97 58 82 37 
146 58 66 88 53 
147 40 6 12 76 
148 41 29 35 18 
149 68 8 73 21 
150 69 39 89 85 
151 0 21 14 41 
152 93 15 40 41 
153 15 94 58 46 
154 62 29 44 47 
155 26 17 15 57 
156 12 90 90 67 
157 86 42 88 36 
158 43 99 73 75 
159 8 57 67 27 
160 89 86 69 61 
161 97 93 72 59 
162 33 86 39 54 
163 32 25 65 41 
164 18 21 75 53 
165 3 3 91 7 
166 82 42 24 85 
167 24 56 1 25 
168 22 19 41 27 
169 36 32 24 19 
170 10 50 47 23 
171 49 77 25 92 
172 64 74 24 9 
173 68 42 88 5 
174 77 69 89 92 
175 79 57 15 29 
176 61 14 38 93 
177 18 29 83 64 
178 23 97 13 4 
179 95 64 97 57 
180 16 6 25 19 
181 44 89 72 81 
182 7 55 94 46 
183 1 23 76 30 
184 40 13 57 67 
185 36 46 57 61 
186 17 75 10 75 
187 27 41 72 66 
188 58 35 72 64 
189 36 13 63 44 
190 71 32 79 19 
191 8 23 28 99 
192 93 81 2 97 
193 30 75 68 30 
194 80 67 39 75 
195 53 65 45 3 
196 40 66 52 78 
197 6 58 62 47 
198 79 79 97 20 
199 50 95 76 36 
200 53 94 74 78 
201 50 48 97 60 
202 8 93 93 36 
203 8 54 15 45 
204 59 8 42 75 
205 39 85 76 46 
206 35 8 42 76 
207 44 22 99 51 
208 14 71 58 19 
209 63 68 49 66 
210 98 47 89 44 
211 86 59 71 41 
212 91 60 12 21 
213 35 28 4 84 
214 53 58 82 54 
215 74 93 23 65 
216 59 40 98 14 
217 86 22 54 97 
218 24 16 47 98 
219 77 56 3 15 
220 30 55 45 36 
221 74 99 67 82 
222 87 41 95 13 
223 11 71 5 89 
224 76 95 44 58 
225 94 54 49 32 
226 2 47 45 37 
227 16 29 3 38 
228 35 75 47 65 
229 65 17 8 60 
230 46 67 7 74 
231 88 80 90 95 
232 35 88 85 47 
233 39 33 19 41 
234 10 96 57 81 
235 28 22 49 64 
236 17 50 36 36 
237 88 94 62 57 
238 18 32 70 42 
239 13 69 96 42 
240 43 19 71 14 
241 2 73 6 41 
242 58 21 52 40 
243 1 88 2 93 
244 34 77 20 49 
245 38 69 52 6 
246 97 58 89 28 
247 82 0 0 55 
248 13 86 93 21 
249 36 81 65 7 
250 65 73 7 65 
251 95 31 81 15 
252 30 88 51 91 
253 16 83 74 36 
254 84 76 68 61 
255 54 15 73 96 
256 54 6 35 3 
257 54 81 13 77 
258 10 69 5 42 
259 16 43 17 75 
260 36 48 19 21 
261 91 87 48 33 
262 14 4 61 9 
263 1 89 40 84 
264 76 28 53 23 
265 37 66 86 9 
266 90 51 4 32 
267 97 74 5 12 
268 11 42 38 77 
269 13 73 99 36 
270 97 20 65 97 
271 80 94 55 29 
272 48 98 38 93 
273 18 2 50 5 
274 27 19 94 1 
275 93 16 1 26 
276 4 42 12 47 
277 67 45 21 92 
278 86 75 77 7 
279 60 86 73 35 
280 15 73 81 57 
281 1 63 7 78 
282 63 38 30 99 
283 94 29 18 19 
284 51 3 66 78 
285 55 87 27 85 
286 70 41 22 53 
287 10 14 12 37 
288 75 51 0 80 
289 21 5 34 75 
290 75 97 35 86 
291 13 1 9 21 
292 27 94 19 30 
293 75 9 42 72 
294 1 26 79 14 
295 42 27 67 61 
296 54 67 77 23 
297 10 86 41 74 
298 50 79 22 62 
299 19 18 97 11 
300 89 12 16 79 
301 66 56 71 97 
302 83 45 58 91 
303 62 76 74 24 
304 39 69 58 52 
305 26 45 11 16 
306 87 65 16 89 
307 74 1 29 5 
308 77 50 48 23 
309 38 32 35 96 
310 66 3 96 34 
311 18 44 23 49 
312 61 96 47 79 
313 15 95 87 5 
314 26 0 37 69 
315 68 42 26 13 
316 5 48 36 94 
317 50 48 84 58 
318 68 96 1 53 
319 80 49 70 27 
320 93 73 93 95 
321 20 12 28 53 
322 13 72 85 9 
323 12 7 59 62 
324 99 27 85 59 
325 73 81 19 79 
326 92 64 99 58 
327 40 90 78 11 
328 45 36 98 34 
329 73 56 13 90 
330 42 2 88 89 
331 58 90 3 6 
332 47 1 33 50 
333 9 22 34 43 
334 53 13 59 94 
335 35 22 69 20 
336 97 42 93 8 
337 60 76 73 41 
338 97 72 66 50 
339 72 24 2 74 
340 85 7 16 13 
341 6 70 48 39 
342 22 60 44 84 
343 45 24 33 82 
344 98 35 30 95 
345 44 95 4 57 
346 57 10 21 76 
347 95 54 49 84 
348 88 59 56 63 
349 58 50 42 81 
350 6 9 3 79 
351 6 46 12 11 
352 19 35 74 57 
353 38 18 80 50 
354 92 22 79 51 
355 55 14 82 81 
356 71 76 65 93 
357 11 54 94 70 
358 56 35 29 13 
359 19 80 29 26 
360 29 12 83 4 
361 0 76 66 92 
362 98 83 46 23 
363 25 74 44 63 
364 32 85 2 76 
365 98 79 36 96 
366 96 83 99 63 
367 62 19 96 26 
368 5 42 16 14 
369 76 62 79 16 
370 77 74 45 94 
371 99 81 22 94 
372 46 67 96 58 
373 92 70 99 96 
374 38 85 43 71 
375 49 6 5 93 
376 40 39 17 75 
377 22 51 49 52 
378 76 9 12 65 
379 70 45 89 63 
380 3 1 60 74 
381 61 4 72 41 
382 82 98 10 69 
383 50 69 52 46 
384 66 82 72 46 
385 21 61 19 27 
386 60 56 42 80 
387 18 87 54 59 
388 28 49 1 90 
389 56 34 88 93 
390 44 13 37 72 
391 58 11 39 58 
392 86 88 56 6 
393 93 89 35 51 
394 14 97 76 94 
395 82 26 47 21 
396 45 44 73 21 
397 26 69 49 48 
398 57 68 24 13 
399 16 79 41 45 
