100 100 1000 1500 
0 64 33 85 42 
1 34 74 81 44 
2 70 37 2 7 
3 17 88 58 65 
4 65 87 44 2 
5 43 54 61 53 
6 29 99 58 42 
7 93 31 82 5 
8 96 19 73 22 
9 81 13 79 55 
10 43 57 26 46 
11 34 2 52 73 
12 22 62 58 11 
13 85 23 15 23 
14 53 30 23 9 
15 80 65 57 28 
16 55 41 84 67 
17 83 2 65 59 
18 52 47 93 28 
19 49 88 67 89 
20 25 14 46 82 
21 64 49 84 2 
22 91 41 42 88 
23 46 56 26 30 
24 19 70 47 71 
25 77 11 16 45 
26 66 50 79 15 
27 30 89 51 32 
28 52 36 30 4 
29 95 31 49 39 
30 32 66 94 49 
31 43 24 8 78 
32 74 68 93 98 
33 79 44 90 38 
34 88 14 13 7 
35 29 85 76 88 
36 65 96 65 47 
37 19 92 13 27 
38 0 71 15 88 
39 94 97 19 11 
40 6 16 84 73 
41 72 30 32 8 
42 29 12 66 24 
43 29 96 19 34 
44 67 58 45 14 
45 21 46 66 79 
46 69 67 77 79 
47 45 34 41 39 
48 73 49 41 27 
49 18 4 98 73 
50 70 38 71 57 
51 45 33 2 3 
52 7 94 67 60 
53 37 79 31 13 
54 81 22 9 39 
55 42 11 69 36 
56 95 33 33 66 
57 28 21 97 97 
58 41 7 31 61 
59 1 33 20 17 
60 93 96 44 47 
61 50 18 25 77 
62 75 94 40 63 
63 54 36 85 92 
64 14 38 74 39 
65 30 33 97 61 
66 84 43 82 3 
67 66 13 92 77 
68 74 77 90 80 
69 98 73 85 60 
70 87 90 16 81 
71 21 31 54 75 
72 84 85 42 47 
73 6 89 11 9 
74 51 44 50 82 
75 50 41 71 98 
76 3 97 69 56 
77 36 72 56 46 
78 71 61 21 99 
79 36 33 60 85 
80 54 2 23 57 
81 46 54 99 36 
82 92 86 13 23 
83 68 49 88 84 
84 75 55 89 87 
85 33 89 24 43 
86 96 48 51 0 
87 31 58 95 79 
88 10 22 40 20 
89 21 49 35 61 
90 22 78 60 38 
91 44 93 45 11 
92 0 4 86 45 
93 4 61 53 70 
94 1 98 97 25 
95 61 54 44 4 
96 75 55 55 44 
97 39 72 14 3 
98 72 99 72 62 
99 43 26 61 21 
100 55 13 55 73 
101 87 87 32 91 
102 58 36 89 9 
103 5 58 72 41 
104 72 19 68 73 
105 58 52 11 31 
106 17 90 54 98 
107 44 83 74 1 
108 59 94 62 15 
109 72 61 99 4 
110 46 72 88 49 
111 35 90 12 82 
112 95 45 15 89 
113 39 0 57 10 
114 93 3 15 65 
115 52 10 49 13 
116 25 21 30 84 
117 7 62 76 30 
118 39 35 5 71 
119 43 61 17 23 
120 96 79 50 22 
121 24 57 68 70 
122 80 50 1 56 
123 23 76 55 91 
124 15 52 85 30 
125 89 25 67 95 
126 22 90 44 45 
127 2 4 21 39 
128 29 87 4 90 
129 99 98 98 94 
130 13 16 64 87 
131 42 13 36 1 
132 20 79 46 51 
133 79 70 90 75 
134 15 65 66 37 
135 16 14 92 73 
136 5 51 43 57 
137 13 45 91 37 
138 46 54 46 30 
139 88 81 37 65 
140 47 37 59 81 
141 47 75 21 83 
142 81 90 73 76 
143 44 88 93 38 
144 55 11 51 27 
145 26 47 76 42 
146 54 91 41 50 
147 78 41 35 97 
148 49 54 69 37 
149 0 87 98 93 
150 66 76 22 12 
151 77 56 5 77 
152 98 83 18 68 
153 73 74 10 15 
154 26 39 90 99 
155 96 75 29 40 
156 71 81 31 42 
157 55 60 1 19 
158 62 33 0 83 
159 52 31 13 94 
160 53 99 9 56 
161 62 97 92 75 
162 7 6 53 34 
163 9 5 71 77 
164 70 72 25 51 
165 98 48 2 58 
166 43 31 34 80 
167 8 41 71 16 
168 55 12 59 35 
169 94 50 85 14 
170 6 22 27 29 
171 93 88 53 41 
172 95 13 64 12 
173 50 81 48 41 
174 19 51 3 86 
175 89 13 12 94 
176 9 90 48 29 
177 32 36 19 65 
178 66 7 52 11 
179 69 0 11 83 
180 14 34 63 73 
181 5 4 75 37 
182 36 28 89 22 
183 6 32 85 16 
184 12 20 28 40 
185 55 40 32 67 
186 90 67 7 1 
187 11 91 51 0 
188 21 39 84 19 
189 92 16 6 96 
190 90 40 18 12 
191 53 14 54 5 
192 62 25 46 72 
193 13 64 50 45 
194 61 29 75 34 
195 65 79 27 31 
196 62 0 1 64 
197 44 57 20 78 
198 95 33 10 18 
199 51 39 90 45 
200 69 89 16 70 
201 69 83 71 98 
202 90 65 24 56 
203 49 70 92 44 
204 81 65 48 68 
205 89 28 38 46 
206 42 98 43 79 
207 12 58 24 2 
208 27 50 88 65 
209 52 22 94 33 
210 66 72 16 38 
211 69 47 3 69 
212 74 96 66 77 
213 6 68 90 17 
214 3 5 18 49 
215 15 42 48 49 
216 53 2 23 89 
217 72 26 46 23 
218 49 61 9 0 
219 95 37 32 64 
220 39 90 99 37 
221 84 4 23 67 
222 62 36 21 75 
223 54 68 49 56 
224 71 94 52 81 
225 43 54 52 15 
226 84 61 75 80 
227 86 69 2 41 
228 50 51 53 58 
229 50 52 91 1 
230 41 17 22 10 
231 96 84 70 57 
232 94 74 17 23 
233 22 33 30 7 
234 72 81 70 58 
235 61 24 61 79 
236 9 25 70 34 
237 3 88 53 88 
238 24 63 1 64 
239 74 18 44 73 
240 10 13 97 88 
241 74 79 26 95 
242 37 82 56 74 
243 9 29 93 8 
244 52 5 82 68 
245 25 30 24 33 
246 25 44 93 70 
247 55 86 79 74 
248 0 73 9 8 
249 19 37 58 86 
250 16 17 65 67 
251 20 72 48 54 
252 94 79 82 61 
253 19 17 88 25 
254 17 58 95 35 
255 50 54 24 53 
256 5 88 12 86 
257 19 27 56 30 
258 51 36 34 83 
259 33 52 12 49 
260 50 59 33 14 
261 63 28 35 30 
262 64 18 4 87 
263 17 46 91 53 
264 87 86 56 35 
265 60 63 20 10 
266 29 5 8 90 
267 93 7 63 17 
268 63 57 32 3 
269 64 97 3 12 
270 78 82 15 29 
271 36 35 88 95 
272 76 16 45 24 
273 18 78 9 39 
274 27 69 82 8 
275 80 0 24 78 
276 46 53 71 46 
277 75 74 22 36 
278 71 31 64 64 
279 5 0 27 35 
280 51 95 56 95 
281 3 74 65 23 
282 38 65 36 92 
283 97 20 49 39 
284 88 39 9 27 
285 74 55 56 13 
286 51 19 54 10 
287 93 43 4 23 
288 27 37 86 84 
289 72 57 37 38 
290 47 2 37 25 
291 21 66 58 17 
292 47 14 59 85 
293 95 19 32 21 
294 19 6 83 74 
295 6 0 77 12 
296 74 72 69 69 
297 29 92 75 30 
298 14 66 28 11 
299 44 74 46 63 
300 79 29 83 92 
301 72 52 8 94 
302 59 51 98 59 
303 40 81 32 89 
304 13 85 58 97 
305 27 72 3 62 
306 1 51 58 75 
307 29 92 50 84 
308 99 98 1 44 
309 84 30 88 62 
310 60 22 31 14 
311 33 1 71 99 
312 27 20 59 78 
313 48 59 8 26 
314 95 42 92 11 
315 22 33 98 19 
316 11 14 80 16 
317 71 80 47 80 
318 11 31 69 37 
319 32 86 66 24 
320 11 58 7 35 
321 26 94 61 31 
322 45 91 34 88 
323 68 76 50 90 
324 11 4 51 39 
325 24 83 17 80 
326 47 14 83 26 
327 62 12 60 28 
328 86 86 90 33 
329 60 29 6 83 
330 69 95 48 87 
331 54 46 57 67 
332 61 33 72 34 
333 52 6 17 79 
334 97 78 73 30 
335 5 45 85 78 
336 7 63 36 65 
337 65 78 3 61 
338 40 99 63 45 
339 40 88 54 65 
340 46 18 9 7 
341 74 69 82 32 
342 61 76 7 97 
343 48 4 47 38 
344 78 75 35 21 
345 79 82 40 31 
346 10 15 16 91 
347 74 67 90 7 
348 26 69 12 40 
349 75 46 29 28 
350 80 91 51 31 
351 15 86 54 47 
352 49 69 51 11 
353 11 98 12 94 
354 77 14 78 10 
355 74 9 80 57 
356 16 68 32 83 
357 37 87 31 4 
358 2 32 55 35 
359 21 0 11 69 
360 45 36 23 74 
361 42 78 72 5 
362 72 21 35 57 
363 79 29 38 80 
364 25 83 79 42 
365 82 99 99 16 
366 19 35 16 98 
367 20 52 83 53 
368 25 89 9 27 
369 53 65 41 4 
370 10 79 58 2 
371 78 4 80 8 
372 99 36 0 20 
373 84 19 44 20 
374 8 17 87 94 
375 3 62 83 98 
376 96 56 50 22 
377 47 78 63 73 
378 55 22 21 72 
379 51 90 25 1 
380 36 24 26 50 
381 44 52 35 9 
382 39 52 16 24 
383 71 88 15 42 
384 35 49 1 75 
385 78 0 82 98 
386 41 98 73 20 
387 44 20 50 1 
388 67 70 34 78 
389 7 62 21 42 
390 15 87 56 95 
391 44 43 44 71 
392 33 53 25 48 
393 43 93 83 92 
394 29 78 95 10 
395 30 84 15 36 
396 43 54 10 81 
397 73 91 28 22 
398 64 81 70 4 
399 82 35 65 75 
400 33 70 91 79 
401 43 34 64 38 
402 41 44 83 17 
403 78 11 41 6 
404 4 40 24 8 
405 39 42 29 55 
406 22 7 4 88 
407 34 98 33 97 
408 33 54 92 49 
409 73 23 72 17 
410 29 16 65 59 
411 24 61 68 78 
412 69 38 31 62 
413 73 43 88 88 
414 41 12 13 60 
415 33 14 58 13 
416 94 69 41 22 
417 82 33 53 47 
418 89 57 42 42 
419 55 68 4 46 
420 43 21 91 49 
421 85 42 97 67 
422 66 18 0 22 
423 3 68 61 69 
424 93 6 82 99 
425 15 35 99 8 
426 12 94 37 9 
427 59 17 82 80 
428 83 45 4 23 
429 7 83 38 83 
430 96 26 18 9 
431 41 32 30 56 
432 70 25 38 73 
433 35 64 68 19 
434 84 73 15 72 
435 31 54 35 30 
436 91 8 99 83 
437 31 52 55 62 
438 33 31 15 19 
439 43 80 91 79 
440 15 90 59 80 
441 89 95 13 36 
442 39 62 57 44 
443 76 4 38 66 
444 48 25 99 66 
445 58 12 32 66 
446 17 1 40 50 
447 52 11 61 59 
448 57 19 59 17 
449 31 9 9 20 
450 68 97 36 89 
451 85 12 87 98 
452 73 32 93 0 
453 20 67 67 66 
454 13 97 91 52 
455 69 33 84 89 
456 2 66 70 80 
457 12 99 69 43 
458 96 41 44 59 
459 99 89 43 46 
460 89 29 15 84 
461 30 87 55 21 
462 64 83 80 41 
463 37 46 90 88 
464 15 60 1 73 
465 50 86 69 18 
466 75 3 10 24 
467 20 16 88 21 
468 81 15 27 11 
469 82 6 92 25 
470 85 20 14 42 
471 28 33 91 34 
472 21 74 33 63 
473 34 99 57 61 
474 33 56 97 86 
475 11 42 79 87 
476 13 42 61 17 
477 91 30 34 66 
478 76 82 22 37 
479 71 73 31 16 
480 72 62 48 85 
481 48 73 24 44 
482 29 81 52 94 
483 32 7 94 54 
484 6 26 8 6 
485 55 73 42 71 
486 55 78 15 90 
487 63 78 64 77 
488 16 70 20 98 
489 21 77 33 11 
490 59 30 56 34 
491 12 69 1 19 
492 97 34 57 96 
493 90 60 6 53 
494 91 2 24 51 
495 74 86 76 48 
496 56 83 94 86 
497 52 40 44 12 
498 17 15 82 48 
499 41 40 59 1 
500 35 27 93 2 
501 59 36 45 76 
502 56 19 72 5 
503 85 0 24 45 
504 44 32 98 65 
505 57 7 70 14 
506 64 66 31 20 
507 65 48 62 78 
508 72 43 12 20 
509 77 88 13 30 
510 74 99 41 68 
511 13 54 5 82 
512 20 58 69 96 
513 44 30 29 29 
514 39 61 27 42 
515 54 13 90 15 
516 15 48 65 27 
517 10 61 69 57 
518 27 36 28 29 
519 76 47 6 59 
520 5 13 89 65 
521 47 58 52 63 
522 5 99 4 14 
523 6 63 81 89 
524 34 89 12 43 
525 9 45 25 89 
526 63 6 0 62 
527 32 85 48 95 
528 49 10 81 33 
529 78 66 91 57 
530 68 28 45 33 
531 36 59 70 96 
532 59 35 93 2 
533 5 64 79 23 
534 38 62 82 13 
535 31 10 68 27 
536 78 75 88 42 
537 33 12 62 69 
538 35 67 37 61 
539 16 85 93 66 
540 68 67 25 57 
541 29 16 63 60 
542 76 91 1 75 
543 27 12 63 9 
544 34 52 96 89 
545 83 73 23 28 
546 61 26 1 19 
547 20 42 91 16 
548 47 12 33 61 
549 41 59 71 61 
550 3 52 79 59 
551 62 1 73 45 
552 88 60 93 2 
553 14 59 31 34 
554 20 40 69 16 
555 0 53 36 43 
556 86 21 30 38 
557 71 91 8 94 
558 22 22 85 10 
559 99 7 22 33 
560 18 42 96 82 
561 25 43 8 88 
562 65 66 54 19 
563 8 9 59 34 
564 35 41 42 22 
565 76 18 29 66 
566 12 84 90 58 
567 44 47 82 8 
568 0 58 1 18 
569 5 99 62 57 
570 83 67 79 16 
571 55 79 67 3 
572 2 9 41 13 
573 95 21 38 33 
574 80 83 4 63 
575 21 91 30 44 
576 5 76 81 5 
577 38 91 83 26 
578 15 71 69 77 
579 91 7 22 55 
580 4 80 79 3 
581 77 95 7 1 
582 13 13 88 42 
583 26 55 14 82 
584 53 44 67 31 
585 43 52 49 71 
586 5 30 23 74 
587 71 52 27 96 
588 7 14 54 25 
589 69 14 3 36 
590 7 78 80 9 
591 35 29 35 13 
592 14 33 38 71 
593 10 81 95 93 
594 91 10 16 65 
595 6 86 4 78 
596 60 96 15 28 
597 52 14 72 76 
598 42 57 1 25 
599 82 92 84 31 
600 14 26 49 81 
601 47 25 16 61 
602 55 90 23 87 
603 69 0 97 69 
604 71 62 9 3 
605 53 76 55 24 
606 76 8 60 69 
607 24 37 20 34 
608 14 66 10 58 
609 53 19 22 60 
610 13 34 45 71 
611 25 5 14 51 
612 98 18 90 97 
613 53 34 95 41 
614 6 12 67 64 
615 8 97 42 39 
616 45 92 93 54 
617 53 99 77 1 
618 79 53 7 11 
619 12 31 8 34 
620 76 81 73 20 
621 77 60 56 67 
622 24 54 93 2 
623 75 98 39 8 
624 55 67 34 84 
625 35 95 96 60 
626 11 62 45 12 
627 72 45 25 73 
628 84 5 40 59 
629 19 91 21 73 
630 20 33 88 45 
631 11 57 22 1 
632 62 22 45 34 
633 24 72 43 22 
634 36 20 8 50 
635 35 89 2 10 
636 47 95 43 88 
637 50 21 80 24 
638 34 87 6 11 
639 42 60 45 83 
640 93 61 2 21 
641 21 92 95 2 
642 23 89 15 93 
643 48 61 59 62 
644 5 41 90 26 
645 42 49 33 41 
646 48 7 98 28 
647 29 25 26 13 
648 25 36 50 93 
649 39 49 1 88 
650 36 94 21 20 
651 85 82 67 90 
652 62 20 42 55 
653 94 59 17 39 
654 60 96 1 6 
655 73 45 18 89 
656 85 60 68 67 
657 52 41 31 9 
658 18 80 3 82 
659 93 54 74 10 
660 95 6 48 93 
661 37 27 77 58 
662 71 77 30 72 
663 76 7 78 7 
664 93 38 30 75 
665 23 8 90 58 
666 0 54 69 27 
667 89 18 99 7 
668 65 65 37 59 
669 96 76 60 10 
670 42 63 86 19 
671 29 70 99 11 
672 66 47 57 2 
673 2 69 75 22 
674 77 44 36 35 
675 25 22 73 61 
676 45 70 29 15 
677 2 32 73 92 
678 33 59 0 85 
679 97 86 13 68 
680 66 33 39 30 
681 99 96 41 64 
682 54 46 9 70 
683 37 86 18 81 
684 98 51 30 98 
685 35 91 30 78 
686 81 13 13 26 
687 21 10 56 96 
688 92 44 87 17 
689 60 12 28 55 
690 6 59 51 69 
691 72 78 63 64 
692 52 42 47 38 
693 46 93 52 3 
694 81 88 17 79 
695 74 10 68 21 
696 31 22 0 64 
697 11 56 23 52 
698 53 28 64 38 
699 82 87 90 88 
700 67 28 22 26 
701 48 16 45 66 
702 17 52 45 87 
703 14 86 63 76 
704 80 3 95 27 
705 99 15 84 45 
706 91 62 70 78 
707 45 46 54 6 
708 41 91 44 93 
709 11 55 34 78 
710 94 95 20 8 
711 23 77 19 10 
712 3 15 99 33 
713 16 76 88 76 
714 55 49 12 26 
715 19 99 97 32 
716 58 39 77 40 
717 94 45 18 38 
718 26 22 47 30 
719 51 93 48 18 
720 68 24 58 88 
721 69 32 77 41 
722 99 27 42 72 
723 24 50 1 57 
724 74 80 32 24 
725 98 39 18 84 
726 19 12 87 35 
727 42 62 85 12 
728 57 72 56 51 
729 15 98 91 33 
730 8 39 16 53 
731 27 44 15 41 
732 35 68 18 72 
733 13 0 41 64 
734 22 96 60 35 
735 19 4 78 31 
736 48 35 41 32 
737 63 37 21 37 
738 96 74 54 45 
739 75 91 58 86 
740 26 69 85 37 
741 42 69 13 36 
742 97 58 82 68 
743 33 12 53 47 
744 35 28 0 81 
745 93 62 28 5 
746 88 4 83 92 
747 20 68 16 46 
748 7 12 28 96 
749 15 23 39 8 
750 62 79 72 86 
751 28 43 5 59 
752 77 84 89 55 
753 6 68 10 41 
754 84 2 82 19 
755 25 18 82 28 
756 75 11 22 17 
757 55 0 5 46 
758 9 73 5 23 
759 67 66 26 2 
760 0 92 88 8 
761 71 44 38 79 
762 89 24 8 10 
763 79 55 68 20 
764 23 60 83 39 
765 46 88 97 53 
766 97 18 45 10 
767 14 52 5 58 
768 75 12 38 58 
769 16 49 45 62 
770 93 52 83 11 
771 84 73 43 12 
772 44 71 58 62 
773 74 75 40 77 
774 55 91 89 34 
775 65 70 39 2 
776 76 54 10 0 
777 20 43 52 61 
778 2 46 6 73 
779 91 33 37 36 
780 44 73 80 68 
781 82 73 60 14 
782 59 44 43 7 
783 43 96 10 73 
784 86 59 60 29 
785 41 7 57 84 
786 84 70 89 14 
787 22 25 76 88 
788 80 2 19 46 
789 58 93 47 74 
790 29 29 86 15 
791 32 25 47 68 
792 3 47 2 50 
793 89 38 67 97 
794 40 30 3 35 
795 97 66 85 89 
796 25 85 98 43 
797 57 83 1 73 
798 21 16 55 28 
799 19 85 18 64 
800 90 57 19 15 
801 80 20 94 44 
802 69 64 46 46 
803 87 31 17 67 
804 50 95 33 33 
805 17 93 54 66 
806 92 75 45 59 
807 8 0 19 22 
808 26 78 56 92 
809 23 12 13 35 
810 66 64 43 93 
811 24 2 70 34 
812 24 74 3 2 
813 87 42 2 36 
814 62 19 72 84 
815 52 76 96 69 
816 80 81 29 3 
817 32 67 13 73 
818 32 9 25 28 
819 60 26 0 40 
820 7 39 37 43 
821 57 64 22 3 
822 27 60 2 68 
823 10 64 93 79 
824 31 95 50 13 
825 21 86 28 52 
826 37 41 12 6 
827 12 26 24 17 
828 10 61 1 43 
829 47 44 73 62 
830 37 27 64 45 
831 31 57 69 52 
832 5 29 48 16 
833 1 78 85 51 
834 17 59 6 31 
835 20 55 95 10 
836 69 44 9 2 
837 45 65 62 25 
838 60 31 89 4 
839 2 69 96 63 
840 87 94 55 52 
841 31 16 38 52 
842 72 48 35 79 
843 40 9 65 91 
844 19 50 16 5 
845 25 95 16 12 
846 99 26 44 55 
847 42 71 6 50 
848 65 23 55 56 
849 10 32 47 96 
850 46 64 92 90 
851 48 35 43 99 
852 32 73 54 60 
853 64 37 3 38 
854 53 80 86 41 
855 87 56 44 98 
856 15 91 79 57 
857 50 18 39 23 
858 3 92 83 87 
859 14 50 34 19 
860 43 79 52 34 
861 46 48 65 35 
862 71 88 34 59 
863 10 30 36 43 
864 91 63 49 90 
865 81 39 96 38 
866 29 57 16 20 
867 40 47 60 28 
868 55 53 30 9 
869 30 79 70 81 
870 87 5 17 16 
871 75 39 93 81 
872 60 22 70 9 
873 53 67 83 42 
874 27 42 62 41 
875 49 43 67 16 
876 49 3 93 30 
877 20 15 55 74 
878 52 68 64 71 
879 3 50 45 69 
880 34 45 1 37 
881 28 65 15 93 
882 72 26 80 79 
883 54 44 48 87 
884 11 89 54 28 
885 53 74 52 45 
886 47 35 80 50 
887 20 51 44 56 
888 64 44 18 46 
889 30 53 69 20 
890 73 52 92 98 
891 14 9 41 38 
892 6 14 5 62 
893 34 52 7 56 
894 58 69 98 89 
895 21 13 66 95 
896 32 49 22 54 
897 47 42 48 39 
898 16 73 72 85 
899 62 10 43 41 
900 28 76 57 61 
901 27 30 28 89 
902 29 42 71 47 
903 42 75 66 51 
904 80 60 43 72 
905 84 23 11 37 
906 29 59 90 76 
907 81 75 6 68 
908 83 42 96 14 
909 20 84 55 23 
910 60 76 69 7 
911 32 16 71 18 
912 85 74 32 56 
913 52 74 81 97 
914 44 97 10 39 
915 33 27 37 64 
916 36 35 29 39 
917 8 96 47 25 
918 11 93 37 63 
919 28 76 13 51 
920 58 97 0 82 
921 97 8 77 82 
922 28 83 23 23 
923 75 51 66 46 
924 53 42 12 75 
925 22 92 14 27 
926 66 2 99 68 
927 10 86 21 75 
928 69 30 13 42 
929 25 7 3 50 
930 79 71 11 30 
931 24 3 5 30 
932 16 36 72 85 
933 68 93 40 21 
934 75 19 49 74 
935 93 48 74 38 
936 57 49 67 22 
937 81 21 98 93 
938 84 41 82 92 
939 61 73 50 48 
940 32 85 80 33 
941 80 39 43 52 
942 62 63 14 79 
943 86 78 68 80 
944 54 25 56 76 
945 2 11 60 31 
946 89 55 42 77 
947 48 81 27 53 
948 24 21 26 52 
949 51 99 74 11 
950 27 29 94 52 
951 45 87 94 8 
952 67 34 43 82 
953 50 95 69 84 
954 4 76 38 58 
955 67 44 27 25 
956 94 70 27 41 
957 79 61 82 39 
958 27 11 33 48 
959 70 21 75 89 
960 30 27 93 91 
961 49 54 18 72 
962 16 39 57 61 
963 35 26 52 8 
964 75 3 5 57 
965 15 15 81 61 
966 58 96 54 30 
967 93 48 70 66 
968 38 62 16 8 
969 96 23 69 40 
970 36 70 1 55 
971 94 59 15 58 
972 93 97 28 47 
973 85 31 64 84 
974 15 3 46 66 
975 89 51 53 2 
976 87 62 17 37 
977 87 6 21 5 
978 2 67 20 7 
979 97 96 72 72 
980 75 3 48 65 
981 48 59 92 47 
982 35 78 7 42 
983 7 67 18 81 
984 14 85 30 56 
985 9 33 98 95 
986 97 58 5 58 
987 14 48 94 71 
988 82 94 30 11 
989 99 63 23 59 
990 38 41 76 82 
991 10 55 17 11 
992 30 25 49 67 
993 80 18 7 89 
994 71 55 83 13 
995 49 52 38 71 
996 97 90 9 71 
997 9 66 7 60 
998 63 61 44 59 
999 1 49 54 15 
1000 13 80 19 86 
1001 44 50 58 70 
1002 77 6 83 71 
1003 87 96 78 39 
1004 11 22 48 74 
1005 69 10 89 61 
1006 21 36 96 38 
1007 25 72 21 66 
1008 67 68 23 91 
1009 63 53 75 31 
1010 74 39 60 2 
1011 25 58 18 91 
1012 48 37 70 12 
1013 80 64 36 49 
1014 25 46 96 34 
1015 23 49 25 53 
1016 23 31 64 46 
1017 99 33 19 54 
1018 23 28 1 12 
1019 1 63 57 36 
1020 73 36 2 82 
1021 43 57 90 53 
1022 58 14 79 35 
1023 30 71 32 28 
1024 70 97 13 92 
1025 6 5 21 88 
1026 46 48 79 76 
1027 28 33 65 83 
1028 43 77 17 28 
1029 26 66 82 2 
1030 68 56 64 40 
1031 92 53 72 47 
1032 93 7 65 98 
1033 26 20 41 11 
1034 62 44 46 24 
1035 72 33 56 1 
1036 0 98 8 91 
1037 65 56 88 6 
1038 68 34 6 96 
1039 27 50 90 23 
1040 43 93 44 25 
1041 92 16 58 85 
1042 60 54 42 54 
1043 13 93 38 39 
1044 93 94 3 87 
1045 13 83 0 69 
1046 99 83 24 10 
1047 59 86 90 20 
1048 54 47 43 17 
1049 59 16 13 41 
1050 14 64 47 63 
1051 75 73 35 40 
1052 39 60 20 90 
1053 71 41 26 88 
1054 97 23 11 83 
1055 95 69 59 7 
1056 97 99 61 20 
1057 33 48 33 50 
1058 64 3 29 92 
1059 79 61 43 15 
1060 0 88 95 19 
1061 67 54 43 68 
1062 4 89 71 50 
1063 24 89 58 85 
1064 26 34 28 59 
1065 38 90 42 98 
1066 2 91 10 38 
1067 58 37 89 1 
1068 55 61 82 56 
1069 73 77 80 32 
1070 93 49 37 68 
1071 13 81 71 70 
1072 99 37 91 71 
1073 60 86 56 28 
1074 68 41 73 96 
1075 45 73 18 61 
1076 81 23 39 46 
1077 59 33 53 34 
1078 74 49 42 7 
1079 74 20 31 81 
1080 56 43 60 40 
1081 15 4 27 6 
1082 88 89 57 51 
1083 72 37 47 54 
1084 11 6 19 67 
1085 93 27 29 54 
1086 13 45 27 41 
1087 57 29 42 38 
1088 6 38 57 95 
1089 85 20 8 13 
1090 28 79 66 70 
1091 10 93 98 18 
1092 27 66 45 44 
1093 59 83 88 67 
1094 46 12 6 76 
1095 23 88 92 50 
1096 76 62 78 70 
1097 39 1 26 82 
1098 77 23 49 8 
1099 32 84 65 31 
1100 86 78 0 54 
1101 38 9 1 36 
1102 75 46 74 65 
1103 66 94 4 33 
1104 95 94 0 14 
1105 12 4 52 42 
1106 32 41 68 16 
1107 0 77 68 36 
1108 75 10 33 22 
1109 30 23 59 92 
1110 56 2 20 28 
1111 15 90 56 64 
1112 6 29 58 85 
1113 63 71 78 34 
1114 91 2 7 51 
1115 23 11 4 58 
1116 85 74 0 64 
1117 80 62 79 15 
1118 7 56 82 98 
1119 94 61 33 44 
1120 36 9 58 0 
1121 3 60 46 48 
1122 56 10 88 15 
1123 45 12 8 2 
1124 81 63 54 27 
1125 22 2 60 52 
1126 67 10 90 7 
1127 37 58 69 68 
1128 60 63 13 79 
1129 54 78 92 85 
1130 20 23 57 88 
1131 95 89 82 7 
1132 64 70 90 88 
1133 32 37 53 19 
1134 75 3 92 81 
1135 58 38 75 84 
1136 26 8 88 51 
1137 74 8 55 26 
1138 18 23 90 46 
1139 33 24 7 73 
1140 62 50 74 53 
1141 42 31 73 9 
1142 75 41 29 99 
1143 64 17 16 56 
1144 70 72 57 72 
1145 87 71 25 95 
1146 2 94 44 31 
1147 26 23 25 31 
1148 2 95 88 90 
1149 92 89 77 20 
1150 90 88 44 64 
1151 31 33 94 13 
1152 98 6 23 11 
1153 24 22 2 82 
1154 44 90 65 89 
1155 25 74 18 60 
1156 26 59 0 3 
1157 46 48 59 74 
1158 62 61 41 76 
1159 61 88 60 34 
1160 32 76 5 51 
1161 4 20 72 92 
1162 98 56 24 32 
1163 17 53 83 37 
1164 77 79 33 29 
1165 41 89 23 68 
1166 90 88 80 83 
1167 99 51 85 84 
1168 69 19 99 40 
1169 88 32 87 18 
1170 79 41 45 11 
1171 66 48 41 85 
1172 41 28 47 82 
1173 10 39 95 5 
1174 61 78 97 7 
1175 90 41 36 70 
1176 74 24 67 80 
1177 47 44 31 56 
1178 98 26 3 26 
1179 62 35 17 98 
1180 49 9 93 41 
1181 53 31 34 52 
1182 60 65 45 75 
1183 35 44 7 7 
1184 7 36 70 99 
1185 78 3 97 13 
1186 20 56 8 77 
1187 13 30 13 10 
1188 12 3 36 53 
1189 41 61 78 9 
1190 69 42 49 87 
1191 41 9 61 13 
1192 59 49 94 35 
1193 0 81 70 65 
1194 68 69 61 82 
1195 48 85 94 44 
1196 44 23 46 21 
1197 37 36 39 11 
1198 80 39 92 19 
1199 66 40 83 40 
1200 34 44 33 11 
1201 61 87 70 75 
1202 89 84 91 95 
1203 39 42 74 28 
1204 4 73 24 53 
1205 16 49 57 53 
1206 35 46 36 56 
1207 4 56 68 99 
1208 26 86 93 18 
1209 41 8 20 58 
1210 48 45 69 7 
1211 64 59 48 67 
1212 64 96 23 7 
1213 63 19 87 29 
1214 64 55 59 28 
1215 4 40 50 51 
1216 17 82 40 61 
1217 10 53 90 36 
1218 59 70 78 25 
1219 18 17 9 33 
1220 52 69 71 23 
1221 66 76 75 69 
1222 72 11 28 1 
1223 85 23 14 56 
1224 91 92 56 54 
1225 19 99 35 91 
1226 40 61 16 41 
1227 95 0 47 40 
1228 88 19 43 41 
1229 46 81 80 23 
1230 45 0 16 4 
1231 37 52 88 49 
1232 34 5 65 82 
1233 92 33 39 24 
1234 80 61 14 11 
1235 54 82 53 4 
1236 86 24 13 1 
1237 93 75 56 92 
1238 52 41 41 52 
1239 25 41 65 42 
1240 56 5 76 97 
1241 29 91 75 14 
1242 92 53 41 46 
1243 66 63 46 31 
1244 77 3 11 80 
1245 16 30 9 39 
1246 52 9 2 51 
1247 72 57 35 53 
1248 17 49 69 83 
1249 7 57 62 46 
1250 78 44 4 16 
1251 26 62 71 71 
1252 29 41 81 54 
1253 60 61 64 44 
1254 39 68 53 23 
1255 55 14 66 20 
1256 0 5 30 84 
1257 66 98 21 0 
1258 19 99 91 13 
1259 6 89 9 6 
1260 48 13 94 1 
1261 59 10 92 37 
1262 26 11 14 7 
1263 33 20 3 9 
1264 91 92 95 0 
1265 91 76 69 37 
1266 96 35 39 49 
1267 67 79 98 1 
1268 0 3 0 6 
1269 53 39 9 12 
1270 85 49 23 35 
1271 50 16 25 27 
1272 72 15 20 35 
1273 36 4 82 60 
1274 87 25 15 46 
1275 91 8 5 46 
1276 12 57 77 8 
1277 90 0 70 23 
1278 90 81 66 52 
1279 38 51 61 73 
1280 43 98 74 86 
1281 3 15 86 29 
1282 64 69 50 59 
1283 21 26 92 12 
1284 74 83 68 69 
1285 15 23 7 44 
1286 39 73 61 60 
1287 67 27 8 30 
1288 69 49 23 69 
1289 76 14 0 35 
1290 80 58 48 76 
1291 5 47 8 92 
1292 20 73 83 40 
1293 33 49 10 16 
1294 52 20 16 1 
1295 88 76 65 95 
1296 31 63 82 66 
1297 51 11 14 45 
1298 73 83 46 7 
1299 57 40 97 26 
1300 36 84 35 95 
1301 9 32 70 24 
1302 27 13 12 73 
1303 15 42 78 21 
1304 49 66 42 63 
1305 80 35 39 46 
1306 27 62 98 56 
1307 34 68 82 18 
1308 69 14 84 79 
1309 9 84 55 73 
1310 56 1 49 21 
1311 69 86 13 47 
1312 56 33 18 46 
1313 72 67 11 92 
1314 55 28 10 41 
1315 90 63 64 92 
1316 58 33 57 31 
1317 38 21 67 50 
1318 25 5 28 36 
1319 63 77 59 7 
1320 57 2 7 37 
1321 48 31 76 5 
1322 63 36 51 68 
1323 92 51 78 14 
1324 16 42 97 61 
1325 84 94 82 73 
1326 40 10 33 99 
1327 73 19 29 8 
1328 64 75 49 0 
1329 20 24 87 60 
1330 35 48 32 66 
1331 99 84 49 71 
1332 87 24 78 12 
1333 41 65 59 40 
1334 0 64 66 67 
1335 22 41 22 47 
1336 72 80 95 87 
1337 19 89 39 33 
1338 26 31 0 35 
1339 81 26 7 37 
1340 86 44 15 29 
1341 81 75 63 98 
1342 37 75 14 45 
1343 15 29 8 15 
1344 67 32 68 98 
1345 0 85 71 68 
1346 7 5 48 10 
1347 77 23 92 78 
1348 38 58 22 84 
1349 28 9 79 6 
1350 13 11 90 62 
1351 79 43 17 74 
1352 39 89 84 77 
1353 4 40 64 53 
1354 69 86 48 43 
1355 98 7 68 84 
1356 14 59 20 68 
1357 91 6 39 8 
1358 10 69 12 61 
1359 96 26 54 94 
1360 79 52 32 59 
1361 31 96 98 53 
1362 34 77 83 49 
1363 27 46 4 98 
1364 3 49 75 18 
1365 81 36 86 31 
1366 45 22 64 11 
1367 68 59 89 69 
1368 83 39 1 53 
1369 13 0 6 30 
1370 17 78 12 51 
1371 79 54 28 44 
1372 1 15 6 85 
1373 1 89 2 16 
1374 29 71 61 12 
1375 44 97 45 95 
1376 21 7 20 62 
1377 13 48 71 27 
1378 94 38 2 53 
1379 51 58 19 86 
1380 60 51 57 63 
1381 87 68 79 52 
1382 44 72 16 2 
1383 23 83 47 3 
1384 15 38 30 52 
1385 9 56 97 22 
1386 77 20 19 6 
1387 84 27 6 12 
1388 94 94 4 57 
1389 45 69 82 31 
1390 20 96 0 91 
1391 27 29 61 8 
1392 74 27 89 69 
1393 64 9 33 82 
1394 22 40 30 9 
1395 1 45 20 4 
1396 63 34 50 67 
1397 69 45 18 42 
1398 60 66 96 68 
1399 57 67 8 78 
1400 98 72 19 57 
1401 81 1 43 65 
1402 49 5 32 21 
1403 32 2 63 71 
1404 47 13 1 51 
1405 29 35 59 20 
1406 90 11 62 51 
1407 71 50 50 96 
1408 4 71 6 25 
1409 30 42 4 53 
1410 19 54 78 1 
1411 86 41 72 10 
1412 76 73 77 4 
1413 68 67 74 75 
1414 20 40 20 37 
1415 0 24 85 91 
1416 22 55 25 29 
1417 39 9 45 3 
1418 19 5 38 76 
1419 94 19 22 39 
1420 31 95 42 45 
1421 48 83 71 91 
1422 58 5 10 87 
1423 28 54 51 54 
1424 98 59 81 46 
1425 87 78 65 7 
1426 15 92 45 94 
1427 58 5 0 42 
1428 17 12 68 94 
1429 78 93 52 78 
1430 32 72 86 65 
1431 34 71 34 0 
1432 8 82 35 49 
1433 15 22 40 49 
1434 68 62 25 47 
1435 88 86 84 54 
1436 87 43 24 90 
1437 41 23 72 92 
1438 95 17 76 14 
1439 59 59 18 22 
1440 82 15 30 65 
1441 44 80 42 47 
1442 20 80 15 2 
1443 83 38 48 98 
1444 41 38 74 11 
1445 30 58 27 72 
1446 50 54 81 50 
1447 53 21 82 6 
1448 38 74 22 96 
1449 57 50 7 44 
1450 59 93 90 93 
1451 44 2 89 8 
1452 58 68 7 17 
1453 92 63 71 46 
1454 35 6 70 91 
1455 43 2 98 66 
1456 88 10 54 19 
1457 90 23 99 3 
1458 83 68 55 51 
1459 58 94 9 52 
1460 34 91 96 48 
1461 7 88 56 76 
1462 47 88 26 17 
1463 84 5 76 62 
1464 25 1 89 5 
1465 29 30 67 46 
1466 20 41 80 94 
1467 82 22 10 77 
1468 15 98 81 77 
1469 87 49 76 71 
1470 11 48 27 44 
1471 86 70 51 38 
1472 65 74 98 41 
1473 76 10 87 65 
1474 28 75 71 30 
1475 94 44 6 76 
1476 45 32 37 46 
1477 24 28 25 42 
1478 76 54 86 81 
1479 79 22 14 90 
1480 26 58 90 72 
1481 72 33 24 72 
1482 88 71 82 83 
1483 44 73 31 80 
1484 48 38 70 1 
1485 1 97 35 4 
1486 72 9 30 41 
1487 37 50 60 87 
1488 4 48 61 41 
1489 95 9 23 91 
1490 97 69 45 73 
1491 95 72 74 13 
1492 62 14 99 86 
1493 51 31 60 82 
1494 77 27 19 13 
1495 82 78 93 29 
1496 93 63 21 2 
1497 45 62 4 0 
1498 41 48 84 11 
1499 8 36 84 68 
1500 76 10 18 27 
1501 97 27 84 76 
1502 80 26 42 26 
1503 29 65 87 3 
1504 45 45 65 54 
1505 29 79 81 37 
1506 92 24 37 78 
1507 46 62 50 21 
1508 44 41 52 47 
1509 72 5 69 66 
1510 99 13 89 38 
1511 87 90 93 9 
1512 52 77 21 30 
1513 47 88 61 85 
1514 53 97 22 5 
1515 36 54 52 60 
1516 70 33 4 47 
1517 59 34 37 62 
1518 32 78 81 56 
1519 58 87 27 48 
1520 33 89 0 51 
1521 20 28 49 80 
1522 52 69 97 65 
1523 9 53 84 82 
1524 70 6 84 54 
1525 93 18 64 3 
1526 39 66 95 86 
1527 77 21 55 16 
1528 31 45 1 49 
1529 3 10 43 0 
1530 11 22 41 87 
1531 94 64 98 93 
1532 86 98 12 26 
1533 80 28 70 14 
1534 56 41 68 43 
1535 69 22 84 50 
1536 70 74 21 32 
1537 61 61 72 73 
1538 75 32 67 9 
1539 89 96 34 40 
1540 45 34 76 17 
1541 86 90 69 67 
1542 85 66 15 53 
1543 38 46 42 39 
1544 76 4 49 16 
1545 90 45 39 56 
1546 21 70 53 41 
1547 43 60 32 76 
1548 37 70 58 80 
1549 94 39 2 66 
1550 63 99 51 39 
1551 79 83 34 76 
1552 67 81 23 68 
1553 93 41 85 94 
1554 39 54 51 45 
1555 16 4 86 56 
1556 61 73 22 67 
1557 48 49 5 27 
1558 30 21 75 55 
1559 55 94 80 74 
1560 36 43 24 15 
1561 20 33 87 4 
1562 27 1 58 58 
1563 25 23 82 62 
1564 89 77 81 52 
1565 19 12 52 87 
1566 49 64 2 66 
1567 94 43 77 54 
1568 19 21 58 28 
1569 62 13 93 13 
1570 52 12 70 56 
1571 37 60 53 11 
1572 19 72 45 54 
1573 51 14 75 78 
1574 78 91 13 0 
1575 18 94 77 87 
1576 1 52 85 66 
1577 19 50 32 88 
1578 59 62 82 61 
1579 39 58 38 45 
1580 4 59 75 18 
1581 0 9 57 0 
1582 79 32 48 4 
1583 25 59 2 52 
1584 40 87 24 21 
1585 93 52 7 51 
1586 32 34 94 84 
1587 38 27 79 41 
1588 53 58 15 86 
1589 97 46 41 53 
1590 65 27 23 21 
1591 22 66 56 58 
1592 60 69 83 62 
1593 30 84 43 1 
1594 24 65 37 34 
1595 69 81 6 43 
1596 10 87 78 34 
1597 77 32 22 74 
1598 63 96 72 7 
1599 57 80 75 17 
1600 49 83 44 19 
1601 14 27 76 59 
1602 78 68 83 68 
1603 51 95 45 84 
1604 29 32 58 81 
1605 47 20 58 84 
1606 22 26 27 72 
1607 83 75 26 39 
1608 50 73 16 0 
1609 71 51 47 55 
1610 38 54 74 60 
1611 95 57 86 55 
1612 77 31 26 97 
1613 54 72 12 58 
1614 49 19 97 23 
1615 74 26 45 20 
1616 12 82 96 71 
1617 62 13 32 12 
1618 86 26 40 4 
1619 30 29 60 96 
1620 84 69 1 26 
1621 79 94 21 23 
1622 66 91 25 11 
1623 11 81 40 35 
1624 48 33 44 89 
1625 95 21 89 37 
1626 35 59 41 50 
1627 1 27 93 32 
1628 82 9 24 95 
1629 87 62 64 54 
1630 88 39 10 21 
1631 26 6 61 33 
1632 72 17 96 61 
1633 91 61 22 81 
1634 36 81 55 88 
1635 31 97 29 18 
1636 63 61 4 29 
1637 73 60 57 80 
1638 83 7 40 44 
1639 46 83 3 22 
1640 26 12 66 49 
1641 22 89 20 89 
1642 35 77 63 88 
1643 38 6 94 82 
1644 14 21 10 81 
1645 41 73 96 58 
1646 39 46 21 53 
1647 85 36 66 52 
1648 75 45 41 0 
1649 52 16 79 71 
1650 49 66 79 67 
1651 87 87 72 61 
1652 24 40 51 92 
1653 46 42 42 36 
1654 81 24 97 81 
1655 24 59 77 66 
1656 9 28 40 38 
1657 27 8 35 7 
1658 26 54 68 33 
1659 20 25 18 74 
1660 58 77 33 30 
1661 7 22 31 81 
1662 67 79 69 15 
1663 63 86 71 69 
1664 22 97 80 99 
1665 92 96 51 74 
1666 1 56 38 72 
1667 88 10 42 93 
1668 60 89 61 77 
1669 99 37 43 39 
1670 14 4 52 7 
1671 61 39 49 96 
1672 61 54 44 58 
1673 36 50 14 92 
1674 86 55 30 19 
1675 79 76 7 14 
1676 90 36 34 82 
1677 63 16 12 93 
1678 1 74 89 50 
1679 11 52 73 51 
1680 24 86 82 9 
1681 64 42 0 89 
1682 17 75 8 51 
1683 0 89 76 44 
1684 45 15 21 96 
1685 20 39 19 42 
1686 52 2 39 89 
1687 64 37 54 24 
1688 13 17 75 45 
1689 38 77 11 20 
1690 32 6 25 32 
1691 53 84 70 88 
1692 6 39 98 33 
1693 10 90 41 10 
1694 33 55 63 37 
1695 61 7 24 88 
1696 49 24 61 41 
1697 47 71 78 47 
1698 37 4 4 62 
1699 48 46 44 90 
1700 54 36 20 32 
1701 96 69 55 73 
1702 5 96 20 14 
1703 62 49 65 62 
1704 7 95 58 44 
1705 94 47 34 70 
1706 80 87 6 96 
1707 87 14 15 89 
1708 1 86 3 52 
1709 65 92 24 41 
1710 93 47 57 12 
1711 71 53 69 68 
1712 64 74 18 52 
1713 30 20 76 50 
1714 16 26 26 33 
1715 55 89 81 78 
1716 16 6 51 92 
1717 27 46 42 57 
1718 92 26 2 10 
1719 73 54 71 79 
1720 75 58 32 68 
1721 87 20 82 23 
1722 22 9 75 38 
1723 9 23 4 57 
1724 25 12 39 49 
1725 94 55 7 41 
1726 89 99 0 67 
1727 69 92 78 50 
1728 53 40 22 3 
1729 74 90 80 36 
1730 26 99 30 41 
1731 71 81 97 83 
1732 43 26 82 72 
1733 61 42 6 97 
1734 1 78 37 52 
1735 94 77 3 56 
1736 56 63 29 41 
1737 36 9 61 92 
1738 80 80 59 52 
1739 70 57 29 87 
1740 11 10 71 71 
1741 66 0 50 43 
1742 63 33 25 15 
1743 73 67 43 87 
1744 12 50 2 96 
1745 78 58 41 58 
1746 30 45 57 54 
1747 34 9 4 55 
1748 12 9 29 73 
1749 2 35 33 26 
1750 97 73 73 56 
1751 13 88 38 7 
1752 17 60 50 46 
1753 31 71 29 73 
1754 96 20 4 46 
1755 61 37 39 46 
1756 53 76 27 47 
1757 41 46 13 0 
1758 31 86 84 43 
1759 4 0 43 24 
1760 75 56 85 97 
1761 97 32 23 48 
1762 90 71 3 72 
1763 13 55 61 72 
1764 7 29 51 38 
1765 6 82 83 81 
1766 41 64 62 33 
1767 89 68 67 98 
1768 58 95 90 8 
1769 37 4 62 88 
1770 92 68 13 51 
1771 46 1 40 14 
1772 80 42 24 55 
1773 57 16 92 65 
1774 35 41 31 50 
1775 62 59 57 32 
1776 28 80 29 23 
1777 4 24 14 77 
1778 73 40 25 65 
1779 65 71 54 86 
1780 87 27 64 89 
1781 69 94 20 55 
1782 31 63 49 49 
1783 11 80 82 19 
1784 47 5 41 95 
1785 17 43 92 20 
1786 0 78 17 80 
1787 71 64 95 1 
1788 17 26 49 69 
1789 12 69 87 81 
1790 67 18 21 79 
1791 49 51 93 38 
1792 84 94 19 18 
1793 20 91 40 57 
1794 2 56 90 20 
1795 0 60 89 93 
1796 50 14 34 26 
1797 48 15 40 84 
1798 44 27 96 1 
1799 4 16 34 2 
1800 91 1 0 0 
1801 36 34 26 8 
1802 28 56 56 96 
1803 34 5 83 9 
1804 52 18 27 18 
1805 14 10 20 34 
1806 3 24 58 13 
1807 6 30 2 92 
1808 54 52 50 19 
1809 94 73 92 14 
1810 3 45 8 39 
1811 61 2 61 81 
1812 67 89 39 97 
1813 81 53 20 47 
1814 27 71 4 34 
1815 48 93 82 91 
1816 32 27 77 81 
1817 17 1 24 29 
1818 97 88 98 60 
1819 64 72 20 33 
1820 87 75 62 48 
1821 9 16 11 23 
1822 83 74 65 53 
1823 78 51 10 19 
1824 39 28 90 99 
1825 21 23 41 13 
1826 16 79 54 75 
1827 28 9 94 46 
1828 80 23 29 60 
1829 0 48 34 77 
1830 9 97 57 41 
1831 75 63 77 19 
1832 98 96 68 98 
1833 53 24 11 93 
1834 92 67 19 60 
1835 59 5 57 4 
1836 94 54 17 48 
1837 47 15 43 71 
1838 34 3 40 70 
1839 44 67 38 78 
1840 21 12 41 85 
1841 0 31 25 78 
1842 69 92 10 95 
1843 37 73 91 40 
1844 72 44 66 2 
1845 34 48 28 15 
1846 46 78 49 60 
1847 10 94 35 59 
1848 92 22 70 71 
1849 71 93 34 78 
1850 80 27 53 65 
1851 88 23 87 26 
1852 34 52 95 43 
1853 30 1 35 63 
1854 24 82 39 2 
1855 67 76 80 85 
1856 2 51 71 83 
1857 51 88 8 29 
1858 50 43 47 46 
1859 3 58 2 95 
1860 63 71 71 68 
1861 38 23 32 52 
1862 54 13 81 82 
1863 54 39 52 63 
1864 76 36 87 68 
1865 72 13 87 49 
1866 33 27 6 62 
1867 62 35 72 81 
1868 75 36 46 62 
1869 4 60 79 81 
1870 53 62 60 86 
1871 40 33 18 4 
1872 76 1 34 54 
1873 17 90 76 28 
1874 51 67 9 53 
1875 43 86 13 69 
1876 85 75 98 71 
1877 77 41 50 19 
1878 11 81 33 21 
1879 19 6 25 0 
1880 94 32 49 52 
1881 74 49 38 55 
1882 40 79 2 98 
1883 78 35 8 1 
1884 54 48 77 69 
1885 43 10 3 87 
1886 19 18 37 52 
1887 22 51 31 50 
1888 98 66 33 95 
1889 73 56 31 53 
1890 34 85 5 54 
1891 95 6 52 53 
1892 98 40 6 66 
1893 30 14 98 64 
1894 38 45 63 27 
1895 28 56 36 40 
1896 59 57 30 40 
1897 68 24 45 12 
1898 31 5 98 21 
1899 89 44 30 82 
1900 83 40 88 51 
1901 94 92 26 26 
1902 48 77 82 17 
1903 32 61 45 14 
1904 29 45 91 40 
1905 40 34 79 61 
1906 74 90 61 24 
1907 52 26 23 44 
1908 1 8 4 9 
1909 87 67 3 3 
1910 91 0 41 33 
1911 72 76 43 42 
1912 86 66 4 60 
1913 60 18 25 28 
1914 49 12 54 9 
1915 23 4 35 39 
1916 35 13 61 47 
1917 10 59 97 71 
1918 32 14 57 68 
1919 3 73 4 56 
1920 12 44 11 68 
1921 30 2 15 25 
1922 51 31 61 89 
1923 47 39 13 91 
1924 24 2 73 82 
1925 69 57 67 0 
1926 21 24 21 5 
1927 37 43 62 99 
1928 63 82 25 94 
1929 63 3 22 29 
1930 65 47 41 93 
1931 14 46 33 81 
1932 7 16 67 30 
1933 96 74 84 40 
1934 36 44 37 88 
1935 9 29 56 99 
1936 72 93 0 7 
1937 89 2 80 35 
1938 86 49 5 22 
1939 78 51 15 35 
1940 6 16 24 24 
1941 7 48 8 57 
1942 28 51 26 85 
1943 76 46 17 89 
1944 41 9 93 37 
1945 36 54 3 35 
1946 0 17 32 82 
1947 75 46 22 50 
1948 96 93 45 13 
1949 89 54 16 40 
1950 81 99 85 50 
1951 18 80 37 32 
1952 66 55 50 93 
1953 5 42 22 89 
1954 51 10 64 4 
1955 33 28 8 19 
1956 17 51 62 25 
1957 89 31 7 76 
1958 74 33 9 92 
1959 72 78 71 98 
1960 77 68 51 47 
1961 97 38 13 26 
1962 38 20 30 60 
1963 12 66 91 85 
1964 91 97 27 72 
1965 58 89 3 44 
1966 12 32 82 63 
1967 81 85 20 99 
1968 69 80 79 52 
1969 56 43 72 34 
1970 21 3 72 73 
1971 91 79 47 96 
1972 37 24 42 63 
1973 66 97 83 90 
1974 66 9 25 32 
1975 68 92 72 3 
1976 7 7 22 92 
1977 2 72 53 92 
1978 60 76 81 90 
1979 12 74 96 97 
1980 49 69 46 34 
1981 15 55 29 30 
1982 63 93 68 79 
1983 10 93 51 27 
1984 72 78 25 97 
1985 65 79 10 52 
1986 70 65 75 42 
1987 68 10 62 36 
1988 13 5 40 31 
1989 16 28 74 99 
1990 35 44 58 25 
1991 20 53 52 77 
1992 47 61 17 17 
1993 73 97 5 70 
1994 85 32 78 16 
1995 85 42 73 65 
1996 66 14 41 20 
1997 48 70 44 54 
1998 92 80 23 18 
1999 32 96 39 95 
2000 52 11 93 89 
2001 94 12 80 17 
2002 6 38 20 32 
2003 64 70 26 52 
2004 36 99 70 18 
2005 40 16 73 62 
2006 98 62 47 46 
2007 48 68 17 55 
2008 70 19 22 38 
2009 30 91 65 7 
2010 23 66 87 35 
2011 94 49 78 86 
2012 10 31 89 23 
2013 78 72 46 28 
2014 20 32 56 82 
2015 72 15 61 52 
2016 88 50 64 94 
2017 58 18 9 81 
2018 57 11 43 52 
2019 24 2 80 37 
2020 98 26 86 15 
2021 62 70 64 17 
2022 63 42 97 98 
2023 41 24 28 61 
2024 3 81 97 59 
2025 73 29 42 66 
2026 91 56 39 86 
2027 72 0 28 70 
2028 33 52 90 12 
2029 42 77 58 31 
2030 73 98 13 54 
2031 86 16 8 0 
2032 48 65 71 3 
2033 33 26 49 52 
2034 12 37 75 19 
2035 92 75 25 30 
2036 57 46 31 27 
2037 38 96 55 34 
2038 56 80 60 41 
2039 7 61 60 87 
2040 69 35 30 24 
2041 21 25 54 87 
2042 59 29 22 75 
2043 83 35 70 18 
2044 49 22 73 3 
2045 39 0 18 10 
2046 75 56 38 20 
2047 5 85 91 18 
2048 84 94 46 89 
2049 10 65 84 73 
2050 43 0 59 52 
2051 41 62 96 22 
2052 18 99 96 87 
2053 12 36 42 25 
2054 47 61 22 22 
2055 87 7 21 72 
2056 25 39 52 20 
2057 44 41 58 19 
2058 56 25 68 88 
2059 40 41 0 84 
2060 57 38 36 26 
2061 86 9 9 16 
2062 79 38 36 21 
2063 73 60 40 89 
2064 70 55 47 6 
2065 2 21 22 42 
2066 94 38 98 10 
2067 56 56 60 93 
2068 64 60 82 11 
2069 19 87 75 83 
2070 7 1 99 62 
2071 37 46 45 3 
2072 87 0 40 28 
2073 41 33 24 67 
2074 29 98 32 37 
2075 27 23 91 87 
2076 40 67 15 21 
2077 64 57 68 16 
2078 36 93 55 51 
2079 88 80 11 13 
2080 31 60 56 32 
2081 73 77 96 84 
2082 4 77 28 45 
2083 95 84 78 38 
2084 73 37 31 40 
2085 53 56 15 99 
2086 5 56 81 60 
2087 90 68 7 56 
2088 2 22 71 13 
2089 91 71 77 23 
2090 0 47 68 57 
2091 15 81 54 9 
2092 17 37 51 27 
2093 75 49 59 56 
2094 72 67 33 96 
2095 87 46 88 99 
2096 74 68 14 63 
2097 43 28 26 98 
2098 97 11 71 12 
2099 5 47 83 43 
2100 15 80 91 92 
2101 61 90 83 78 
2102 9 99 61 25 
2103 68 49 45 69 
2104 15 61 85 27 
2105 27 19 80 72 
2106 97 2 55 31 
2107 56 58 15 35 
2108 42 81 86 44 
2109 77 88 23 35 
2110 56 35 30 93 
2111 67 15 14 72 
2112 75 63 23 68 
2113 82 90 47 63 
2114 94 48 91 69 
2115 41 31 23 63 
2116 28 4 19 34 
2117 50 58 52 77 
2118 68 19 32 15 
2119 13 48 1 7 
2120 3 62 57 39 
2121 30 99 87 48 
2122 42 70 33 26 
2123 72 17 30 26 
2124 88 47 75 62 
2125 28 10 9 33 
2126 96 2 55 60 
2127 47 17 99 64 
2128 86 14 53 31 
2129 31 85 99 49 
2130 80 96 47 46 
2131 23 48 34 48 
2132 3 67 54 70 
2133 3 96 10 31 
2134 50 26 13 81 
2135 61 65 90 29 
2136 55 27 90 24 
2137 42 99 75 98 
2138 26 20 32 95 
2139 30 35 30 76 
2140 60 3 56 39 
2141 19 88 5 88 
2142 20 68 51 89 
2143 22 44 6 99 
2144 10 36 92 58 
2145 67 40 33 28 
2146 71 58 74 99 
2147 85 51 23 23 
2148 38 19 9 16 
2149 0 68 55 17 
2150 17 5 13 47 
2151 44 91 36 83 
2152 78 92 10 68 
2153 90 6 12 58 
2154 30 58 19 90 
2155 63 11 63 40 
2156 98 93 93 12 
2157 36 7 66 10 
2158 12 11 92 33 
2159 32 34 76 12 
2160 4 9 42 0 
2161 22 13 79 64 
2162 12 10 77 81 
2163 62 92 53 90 
2164 51 15 62 88 
2165 82 62 14 86 
2166 75 25 78 18 
2167 34 45 28 35 
2168 46 82 49 66 
2169 19 50 5 36 
2170 62 6 17 93 
2171 39 53 40 35 
2172 54 64 12 88 
2173 37 55 27 95 
2174 16 24 78 26 
2175 91 36 49 39 
2176 66 36 23 77 
2177 95 28 26 22 
2178 27 34 2 15 
2179 83 32 17 96 
2180 23 12 20 19 
2181 36 16 13 0 
2182 93 69 17 58 
2183 33 19 28 96 
2184 17 85 89 94 
2185 13 22 76 29 
2186 52 14 55 78 
2187 61 37 71 8 
2188 65 86 24 94 
2189 55 78 91 58 
2190 82 58 37 55 
2191 48 67 46 54 
2192 99 79 55 32 
2193 21 55 68 66 
2194 82 78 8 62 
2195 15 55 72 64 
2196 14 96 79 83 
2197 39 97 47 75 
2198 44 76 40 55 
2199 80 47 58 38 
2200 15 56 62 30 
2201 92 65 16 0 
2202 73 33 38 95 
2203 44 87 61 19 
2204 59 13 40 96 
2205 94 19 53 0 
2206 42 23 57 13 
2207 47 84 14 86 
2208 75 74 30 12 
2209 7 77 53 95 
2210 44 19 81 58 
2211 37 46 61 66 
2212 28 73 52 63 
2213 69 91 10 23 
2214 39 32 42 24 
2215 8 11 71 2 
2216 22 31 54 51 
2217 89 26 90 67 
2218 60 8 4 67 
2219 44 47 28 40 
2220 15 36 24 6 
2221 56 93 34 10 
2222 31 23 48 30 
2223 3 31 6 13 
2224 62 43 4 95 
2225 70 62 67 43 
2226 69 75 18 79 
2227 38 18 30 38 
2228 78 89 83 72 
2229 81 84 50 93 
2230 10 92 46 12 
2231 67 77 92 79 
2232 30 11 3 34 
2233 26 35 18 18 
2234 56 38 62 48 
2235 21 17 14 11 
2236 94 78 78 56 
2237 89 3 64 62 
2238 85 50 27 71 
2239 74 1 85 55 
2240 42 6 58 69 
2241 41 16 95 64 
2242 59 38 29 83 
2243 26 24 7 23 
2244 38 78 79 20 
2245 92 87 12 52 
2246 13 16 35 8 
2247 43 25 5 63 
2248 85 5 16 48 
2249 53 66 47 20 
2250 30 40 22 55 
2251 54 53 73 56 
2252 36 23 70 47 
2253 52 64 16 21 
2254 43 19 96 15 
2255 19 96 88 35 
2256 39 65 62 81 
2257 87 46 33 71 
2258 33 98 46 86 
2259 41 23 13 3 
2260 39 55 37 96 
2261 51 81 3 32 
2262 60 83 79 52 
2263 71 90 64 18 
2264 42 34 39 96 
2265 55 37 16 21 
2266 71 46 3 2 
2267 48 73 87 45 
2268 15 31 0 43 
2269 98 9 68 86 
2270 63 94 10 96 
2271 81 50 23 26 
2272 13 47 17 84 
2273 21 85 86 26 
2274 92 7 84 98 
2275 47 91 55 35 
2276 29 94 31 29 
2277 1 50 12 69 
2278 30 65 12 37 
2279 24 81 14 20 
2280 3 25 92 60 
2281 56 85 30 91 
2282 41 78 77 98 
2283 74 43 89 13 
2284 92 52 53 63 
2285 92 7 7 89 
2286 58 16 94 6 
2287 72 4 60 25 
2288 68 35 82 29 
2289 27 95 78 55 
2290 77 86 8 33 
2291 31 13 30 96 
2292 32 22 14 70 
2293 50 75 46 29 
2294 54 97 17 58 
2295 98 89 28 65 
2296 80 17 26 92 
2297 90 4 0 59 
2298 59 82 75 88 
2299 99 31 88 66 
2300 11 28 23 86 
2301 55 25 86 64 
2302 30 61 6 56 
2303 5 28 54 81 
2304 54 85 58 22 
2305 9 17 29 67 
2306 14 34 10 6 
2307 87 17 86 75 
2308 30 31 13 38 
2309 38 29 38 45 
2310 50 30 50 97 
2311 90 40 10 59 
2312 10 65 72 65 
2313 20 43 72 93 
2314 32 54 45 65 
2315 67 81 84 15 
2316 50 45 9 69 
2317 94 37 27 14 
2318 60 38 53 54 
2319 87 79 26 90 
2320 80 20 19 30 
2321 3 67 82 18 
2322 2 42 81 40 
2323 74 47 97 79 
2324 51 43 96 78 
2325 80 56 9 4 
2326 66 73 21 23 
2327 33 92 54 96 
2328 71 48 64 28 
2329 62 79 47 27 
2330 12 26 66 89 
2331 63 31 26 3 
2332 65 16 59 38 
2333 1 84 44 71 
2334 50 38 31 92 
2335 92 46 71 42 
2336 85 56 49 84 
2337 77 18 26 51 
2338 56 58 94 87 
2339 84 9 82 36 
2340 66 45 47 16 
2341 79 11 77 53 
2342 10 46 62 52 
2343 94 78 64 57 
2344 15 46 56 92 
2345 73 67 87 94 
2346 42 8 11 64 
2347 79 98 43 28 
2348 5 49 14 76 
2349 20 48 3 4 
2350 19 78 23 24 
2351 70 87 66 71 
2352 58 85 92 91 
2353 1 22 17 20 
2354 74 48 17 46 
2355 89 85 24 60 
2356 74 38 83 49 
2357 30 79 28 74 
2358 18 81 58 86 
2359 32 98 63 38 
2360 40 23 68 46 
2361 20 91 21 79 
2362 13 66 22 13 
2363 23 88 39 4 
2364 86 71 74 43 
2365 35 82 74 38 
2366 64 92 88 17 
2367 50 91 12 55 
2368 93 25 24 54 
2369 11 33 94 37 
2370 11 21 91 52 
2371 46 55 86 94 
2372 6 64 62 49 
2373 46 37 97 43 
2374 32 53 36 88 
2375 64 20 6 75 
2376 39 31 66 67 
2377 35 76 41 92 
2378 53 16 58 98 
2379 79 5 89 55 
2380 34 88 32 52 
2381 11 72 76 41 
2382 73 62 88 87 
2383 21 53 16 47 
2384 48 78 94 0 
2385 94 72 81 60 
2386 78 43 60 17 
2387 42 25 22 98 
2388 15 58 78 77 
2389 36 99 67 4 
2390 78 80 29 51 
2391 68 58 9 1 
2392 70 24 85 54 
2393 2 80 78 88 
2394 35 8 78 60 
2395 92 57 54 78 
2396 34 84 46 56 
2397 97 64 68 25 
2398 95 5 18 23 
2399 18 99 85 89 
2400 50 45 32 38 
2401 17 77 86 17 
2402 79 78 51 56 
2403 63 76 27 27 
2404 76 7 75 42 
2405 31 27 7 53 
2406 11 35 94 22 
2407 5 30 34 96 
2408 46 98 15 26 
2409 47 71 23 55 
2410 60 36 46 4 
2411 97 56 8 31 
2412 56 92 78 42 
2413 28 43 40 10 
2414 43 99 64 35 
2415 29 50 47 79 
2416 40 13 28 57 
2417 84 24 69 79 
2418 73 5 74 55 
2419 9 83 48 51 
2420 69 87 81 94 
2421 36 94 45 27 
2422 86 1 13 95 
2423 36 39 39 88 
2424 78 91 5 29 
2425 33 72 55 12 
2426 82 12 34 78 
2427 67 0 23 61 
2428 41 3 31 90 
2429 33 99 68 25 
2430 76 85 66 15 
2431 99 59 96 75 
2432 86 35 47 5 
2433 83 43 65 9 
2434 85 44 90 5 
2435 51 66 1 71 
2436 5 60 74 34 
2437 67 37 98 99 
2438 80 65 6 66 
2439 0 98 60 4 
2440 48 21 28 36 
2441 2 78 29 75 
2442 83 69 52 47 
2443 50 47 1 29 
2444 28 76 50 89 
2445 77 93 25 31 
2446 35 27 33 48 
2447 25 74 20 87 
2448 74 45 13 54 
2449 47 66 55 97 
2450 60 51 10 99 
2451 62 36 23 2 
2452 40 12 77 68 
2453 24 90 12 73 
2454 54 94 7 34 
2455 32 47 7 49 
2456 94 77 41 85 
2457 49 38 81 9 
2458 0 28 16 78 
2459 38 75 13 59 
2460 54 92 22 11 
2461 99 67 1 97 
2462 76 81 77 94 
2463 37 2 26 3 
2464 66 36 11 31 
2465 16 19 47 22 
2466 99 69 38 50 
2467 87 91 77 42 
2468 67 87 25 88 
2469 12 89 0 1 
2470 29 15 95 28 
2471 66 94 16 44 
2472 75 79 8 18 
2473 12 48 37 75 
2474 23 23 25 80 
2475 93 69 94 46 
2476 25 71 68 98 
2477 20 76 12 62 
2478 65 74 59 82 
2479 98 67 41 63 
2480 18 43 91 95 
2481 65 21 97 25 
2482 16 91 78 11 
2483 76 4 38 83 
2484 72 55 9 30 
2485 79 73 10 14 
2486 81 83 54 90 
2487 28 87 44 72 
2488 59 40 6 80 
2489 15 30 62 94 
2490 4 27 30 45 
2491 84 67 12 17 
2492 82 31 7 49 
2493 59 29 70 9 
2494 84 35 56 95 
2495 50 89 30 66 
2496 12 58 62 59 
2497 16 10 61 8 
2498 21 47 44 80 
2499 7 11 28 82 
