100 100 100 50 
0 46 32 96 96 
1 2 1 21 0 
2 83 64 21 85 
3 82 26 34 54 
4 2 0 26 15 
5 41 73 25 50 
6 88 63 68 1 
7 71 45 99 6 
8 9 16 69 14 
9 9 70 49 68 
10 80 79 19 15 
11 23 75 53 24 
12 44 44 12 47 
13 30 64 45 33 
14 17 56 54 25 
15 91 24 72 6 
16 22 23 40 28 
17 38 15 26 39 
18 97 76 76 70 
19 1 14 79 39 
20 5 24 86 52 
21 70 37 10 19 
22 69 95 74 29 
23 42 30 17 33 
24 21 61 11 50 
25 15 43 50 4 
26 36 54 19 45 
27 54 11 27 73 
28 5 34 9 29 
29 24 50 4 33 
30 2 95 8 36 
31 81 93 15 7 
32 7 19 37 43 
33 25 18 24 19 
34 24 50 83 13 
35 44 27 39 45 
36 82 70 10 19 
37 18 52 7 74 
38 89 15 0 25 
39 10 48 19 88 
40 69 86 99 23 
41 44 20 20 71 
42 29 1 39 34 
43 14 30 29 71 
44 65 60 33 45 
45 47 90 66 35 
46 41 34 1 84 
47 67 86 87 87 
48 44 37 19 49 
49 39 68 5 27 
50 49 87 18 83 
51 90 98 28 83 
52 26 64 35 92 
53 72 85 70 91 
54 74 82 2 58 
55 42 84 96 3 
56 69 94 84 92 
57 93 53 91 46 
58 38 51 45 77 
59 5 76 9 34 
60 43 69 62 33 
61 4 48 40 73 
62 43 46 0 49 
63 73 31 44 13 
64 8 77 60 82 
65 62 84 84 34 
66 49 99 13 4 
67 59 82 43 79 
68 45 10 27 98 
69 31 81 70 72 
70 81 6 58 92 
71 70 67 76 58 
72 94 76 42 58 
73 23 16 20 57 
74 27 27 12 15 
75 17 96 11 41 
76 66 99 77 79 
77 3 31 17 7 
78 62 24 78 81 
79 77 14 53 85 
80 75 65 15 86 
81 71 7 77 92 
82 59 54 67 0 
83 50 36 47 69 
84 41 99 93 67 
85 68 73 80 32 
86 91 15 3 87 
87 89 98 55 68 
88 60 93 87 17 
89 42 58 89 55 
90 23 4 84 67 
91 33 90 26 12 
92 51 27 0 49 
93 20 32 88 22 
94 80 72 13 35 
95 49 18 52 84 
96 40 31 44 6 
97 69 94 22 18 
98 59 65 14 27 
99 91 46 67 73 
100 35 33 22 26 
101 98 72 21 66 
102 28 63 29 42 
103 58 99 42 77 
104 77 51 75 19 
105 68 61 14 33 
106 91 60 54 83 
107 70 6 38 82 
108 53 24 66 56 
109 38 33 82 59 
110 11 32 65 33 
111 54 59 89 58 
112 88 45 97 65 
113 49 82 13 50 
114 25 24 31 91 
115 64 87 66 86 
116 45 7 99 74 
117 24 87 55 52 
118 72 84 13 12 
119 0 71 11 35 
120 1 94 30 84 
121 98 83 99 84 
122 96 72 93 66 
123 86 73 63 82 
124 7 91 1 54 
125 25 10 76 22 
126 87 29 88 25 
127 13 14 11 22 
128 31 81 42 14 
129 7 19 2 38 
130 97 76 53 2 
131 71 14 30 38 
132 80 69 40 85 
133 16 86 0 13 
134 68 25 49 49 
135 27 14 8 70 
136 44 92 59 22 
137 28 60 70 29 
138 69 71 71 17 
139 4 98 87 77 
140 24 47 4 89 
141 26 64 51 26 
142 26 16 7 97 
143 63 93 17 33 
144 94 67 24 66 
145 23 0 47 52 
146 28 27 77 54 
147 35 64 74 67 
148 74 89 3 65 
149 36 82 66 13 
