100 100 1000 3000 
0 83 57 31 98 
1 87 85 8 33 
2 79 21 40 79 
3 98 32 2 23 
4 23 70 70 38 
5 86 15 23 20 
6 71 84 28 87 
7 97 37 4 90 
8 91 5 33 33 
9 33 79 72 25 
10 61 36 40 51 
11 80 70 18 77 
12 90 27 46 76 
13 95 32 17 85 
14 19 51 24 45 
15 36 46 20 65 
16 35 81 30 35 
17 47 58 59 13 
18 43 91 46 48 
19 39 69 38 46 
20 24 73 15 83 
21 73 66 12 19 
22 28 90 6 99 
23 7 93 67 11 
24 10 41 61 22 
25 33 23 34 41 
26 31 55 52 97 
27 72 88 93 32 
28 16 10 15 97 
29 16 72 38 54 
30 61 22 75 45 
31 83 15 88 12 
32 30 14 37 38 
33 56 58 66 73 
34 12 33 72 52 
35 16 66 3 91 
36 5 17 65 61 
37 87 63 66 12 
38 50 39 92 11 
39 74 75 11 71 
40 17 78 15 79 
41 89 72 6 61 
42 95 43 20 49 
43 36 49 79 26 
44 97 47 30 68 
45 47 6 59 23 
46 53 49 55 19 
47 91 61 82 88 
48 3 47 99 70 
49 33 20 1 92 
50 18 71 68 68 
51 20 9 24 49 
52 2 54 42 93 
53 66 11 62 31 
54 49 45 29 1 
55 47 69 74 7 
56 9 54 4 89 
57 57 86 62 57 
58 15 61 53 1 
59 12 86 56 80 
60 87 25 53 61 
61 28 26 72 20 
62 91 79 94 83 
63 16 64 2 1 
64 81 67 91 15 
65 32 72 2 69 
66 44 37 1 85 
67 63 55 49 24 
68 46 10 31 54 
69 80 2 58 50 
70 84 9 20 13 
71 13 95 22 44 
72 40 96 77 46 
73 90 49 1 44 
74 90 32 29 21 
75 18 48 63 4 
76 36 40 28 11 
77 18 25 27 27 
78 79 42 79 61 
79 3 45 75 35 
80 75 36 92 76 
81 68 85 85 95 
82 91 50 81 45 
83 36 59 63 31 
84 26 22 26 56 
85 82 52 77 50 
86 19 87 46 86 
87 7 38 35 42 
88 15 72 31 57 
89 27 63 77 52 
90 12 40 7 27 
91 69 65 39 81 
92 1 91 0 51 
93 3 58 34 83 
94 18 80 22 20 
95 26 1 90 47 
96 40 89 92 2 
97 30 90 87 59 
98 68 18 7 63 
99 26 31 10 10 
100 67 38 41 0 
101 58 53 19 17 
102 93 90 14 23 
103 29 4 57 38 
104 9 22 12 12 
105 1 86 9 90 
106 14 70 33 33 
107 59 7 86 61 
108 36 96 48 24 
109 34 56 55 11 
110 27 90 90 15 
111 11 67 92 76 
112 66 79 42 57 
113 52 24 36 98 
114 55 90 72 78 
115 21 23 91 10 
116 54 17 81 68 
117 95 0 55 40 
118 95 30 82 85 
119 36 18 20 69 
120 8 54 40 7 
121 20 21 0 9 
122 89 34 40 50 
123 73 36 70 48 
124 47 66 58 32 
125 28 78 20 11 
126 21 1 53 9 
127 20 72 98 65 
128 94 67 96 34 
129 89 22 56 85 
130 94 93 78 31 
131 21 42 85 0 
132 41 47 90 22 
133 72 64 22 45 
134 45 58 58 14 
135 30 82 87 65 
136 95 18 5 19 
137 90 32 94 40 
138 0 60 88 84 
139 58 8 64 48 
140 37 24 55 68 
141 17 21 34 44 
142 7 67 30 89 
143 4 3 57 88 
144 99 5 19 91 
145 14 17 18 82 
146 78 83 15 67 
147 44 20 40 21 
148 68 30 31 97 
149 43 68 31 68 
150 39 58 12 26 
151 82 79 32 7 
152 98 7 63 32 
153 65 86 9 50 
154 72 88 24 45 
155 59 96 71 94 
156 44 93 46 17 
157 19 26 26 84 
158 39 60 24 1 
159 79 61 71 29 
160 66 76 9 88 
161 15 25 9 48 
162 54 72 84 9 
163 93 6 95 98 
164 24 51 11 61 
165 88 25 75 23 
166 54 10 84 90 
167 18 73 97 27 
168 6 77 54 80 
169 44 95 49 60 
170 66 74 24 47 
171 48 2 8 56 
172 53 93 16 38 
173 2 51 34 32 
174 21 48 88 23 
175 92 26 96 29 
176 86 86 43 58 
177 25 95 4 94 
178 20 29 45 39 
179 23 59 21 44 
180 45 69 67 44 
181 66 24 35 4 
182 6 68 28 37 
183 23 92 15 81 
184 70 58 87 92 
185 21 36 74 78 
186 8 58 91 19 
187 87 12 67 44 
188 5 10 39 25 
189 77 25 96 22 
190 21 71 32 10 
191 99 15 84 39 
192 73 90 79 22 
193 71 81 21 30 
194 38 77 67 94 
195 75 30 4 21 
196 41 36 27 56 
197 9 60 54 94 
198 76 74 65 55 
199 0 46 69 26 
200 88 26 54 33 
201 28 80 12 28 
202 98 45 18 46 
203 66 6 16 67 
204 98 15 76 83 
205 39 2 34 79 
206 45 17 47 48 
207 31 48 27 86 
208 85 3 21 75 
209 65 71 36 44 
210 54 38 50 2 
211 35 14 53 52 
212 65 28 5 52 
213 88 60 35 92 
214 82 95 10 7 
215 4 38 33 41 
216 80 50 33 25 
217 50 25 94 73 
218 73 97 80 38 
219 53 65 95 39 
220 37 16 61 90 
221 11 28 37 23 
222 88 28 2 1 
223 76 21 7 18 
224 13 60 39 82 
225 69 92 90 3 
226 6 30 94 75 
227 68 54 5 74 
228 44 66 25 13 
229 54 14 25 21 
230 24 93 24 14 
231 55 90 76 29 
232 48 8 11 73 
233 14 91 64 47 
234 27 94 30 52 
235 84 60 55 92 
236 62 82 10 53 
237 67 38 73 39 
238 42 35 83 14 
239 53 55 72 60 
240 13 44 47 40 
241 45 6 0 9 
242 74 84 98 51 
243 64 68 86 13 
244 80 5 95 17 
245 72 89 43 64 
246 77 87 67 94 
247 73 63 68 91 
248 55 32 85 15 
249 43 46 69 55 
250 90 97 40 43 
251 27 7 81 88 
252 64 15 72 76 
253 80 16 41 33 
254 81 60 92 48 
255 16 81 13 47 
256 91 14 15 72 
257 38 57 54 39 
258 72 93 16 92 
259 13 55 73 39 
260 93 79 36 59 
261 43 61 3 54 
262 39 61 22 34 
263 14 45 54 37 
264 13 34 2 34 
265 34 2 18 41 
266 44 94 26 11 
267 88 81 10 69 
268 80 32 5 55 
269 43 17 16 37 
270 59 45 40 14 
271 19 90 1 58 
272 14 78 29 48 
273 1 7 17 46 
274 6 4 9 56 
275 89 55 1 74 
276 54 15 30 76 
277 5 5 72 76 
278 8 42 83 61 
279 39 89 42 62 
280 11 78 38 0 
281 48 26 71 67 
282 3 8 29 27 
283 23 65 58 90 
284 48 17 12 85 
285 9 69 40 70 
286 60 15 12 38 
287 91 9 6 99 
288 34 79 65 48 
289 67 76 32 35 
290 71 87 5 25 
291 65 56 91 42 
292 37 79 18 10 
293 4 75 70 83 
294 52 44 58 81 
295 37 82 51 47 
296 15 91 80 56 
297 11 79 84 76 
298 43 67 58 30 
299 86 55 63 8 
300 63 83 31 63 
301 68 73 84 45 
302 0 27 31 10 
303 64 97 7 2 
304 15 36 93 39 
305 80 28 29 97 
306 27 59 24 91 
307 72 8 53 16 
308 18 40 44 73 
309 99 78 35 12 
310 92 79 28 97 
311 93 51 51 21 
312 57 44 91 80 
313 40 80 2 71 
314 80 5 98 27 
315 28 94 49 45 
316 11 72 16 73 
317 5 3 38 16 
318 2 2 41 89 
319 5 85 82 52 
320 27 0 11 43 
321 3 10 30 78 
322 47 74 90 23 
323 20 45 68 59 
324 8 2 56 34 
325 75 45 64 57 
326 19 35 30 45 
327 28 75 3 97 
328 51 72 4 82 
329 68 61 11 80 
330 1 87 20 58 
331 91 65 94 52 
332 96 16 42 66 
333 26 17 15 82 
334 11 95 40 63 
335 37 44 22 33 
336 97 0 2 57 
337 15 70 78 14 
338 65 56 74 78 
339 18 5 5 53 
340 16 46 67 15 
341 19 81 91 3 
342 52 41 90 54 
343 24 74 73 72 
344 0 16 47 85 
345 20 35 89 99 
346 55 73 87 25 
347 6 47 28 63 
348 23 9 8 44 
349 3 21 3 13 
350 94 92 31 18 
351 39 50 62 45 
352 63 19 56 57 
353 41 16 99 19 
354 42 66 58 95 
355 82 86 25 52 
356 26 33 68 13 
357 96 49 22 6 
358 66 32 68 93 
359 93 94 69 82 
360 3 98 81 6 
361 70 14 90 41 
362 99 4 21 88 
363 26 81 69 2 
364 97 57 21 80 
365 83 68 1 74 
366 35 70 30 42 
367 58 71 0 46 
368 73 46 27 77 
369 2 35 52 36 
370 35 14 38 90 
371 68 95 31 36 
372 70 51 34 11 
373 90 26 66 37 
374 35 52 73 56 
375 0 47 56 47 
376 29 98 70 96 
377 60 27 56 6 
378 87 69 91 31 
379 8 47 35 18 
380 75 69 22 23 
381 58 77 17 50 
382 73 31 32 99 
383 2 44 74 92 
384 89 6 26 99 
385 67 93 79 38 
386 6 62 55 22 
387 52 66 61 17 
388 53 79 59 27 
389 76 54 63 7 
390 4 94 90 90 
391 42 12 17 90 
392 38 82 49 69 
393 28 47 26 56 
394 4 24 33 19 
395 78 78 18 91 
396 56 13 21 97 
397 44 71 50 37 
398 82 60 32 69 
399 84 93 12 98 
400 92 22 74 2 
401 21 94 81 30 
402 1 33 26 53 
403 52 58 86 4 
404 71 81 65 28 
405 71 80 71 19 
406 15 45 29 0 
407 35 25 10 46 
408 62 41 90 2 
409 30 24 91 85 
410 81 53 89 57 
411 26 71 51 86 
412 11 64 90 51 
413 93 54 64 27 
414 0 14 23 25 
415 57 62 16 66 
416 22 45 84 12 
417 24 50 22 2 
418 78 97 40 21 
419 69 22 3 1 
420 0 64 12 60 
421 67 14 33 35 
422 3 84 32 60 
423 18 71 55 41 
424 15 85 66 20 
425 27 14 3 3 
426 69 50 88 48 
427 14 4 97 38 
428 93 84 42 45 
429 5 21 81 86 
430 31 11 8 71 
431 22 47 99 26 
432 23 93 91 1 
433 30 76 93 22 
434 43 8 98 10 
435 9 5 38 45 
436 18 40 27 80 
437 10 32 80 94 
438 94 32 18 78 
439 20 59 4 78 
440 63 13 76 19 
441 63 61 96 71 
442 41 41 3 8 
443 22 45 0 85 
444 40 16 85 79 
445 73 43 25 6 
446 79 83 25 73 
447 0 55 93 27 
448 21 19 78 47 
449 32 19 49 44 
450 80 92 45 93 
451 59 97 35 72 
452 64 34 83 86 
453 81 86 36 96 
454 48 46 76 62 
455 18 75 58 23 
456 14 36 95 0 
457 89 38 52 49 
458 43 85 16 65 
459 68 56 34 79 
460 82 31 52 20 
461 7 65 6 35 
462 73 95 90 39 
463 75 26 43 68 
464 72 60 75 66 
465 60 18 66 58 
466 44 54 53 6 
467 57 57 66 85 
468 63 80 26 32 
469 43 87 48 32 
470 38 16 30 52 
471 87 85 21 81 
472 14 29 38 52 
473 28 58 66 50 
474 1 36 13 20 
475 85 72 35 38 
476 37 4 4 84 
477 73 44 92 47 
478 87 57 42 18 
479 9 46 96 79 
480 78 25 44 25 
481 50 69 51 94 
482 22 89 97 11 
483 86 87 30 83 
484 76 87 78 17 
485 66 20 84 15 
486 15 66 5 30 
487 83 87 40 28 
488 83 28 71 70 
489 1 18 60 43 
490 16 95 41 20 
491 67 77 8 65 
492 84 44 43 72 
493 26 24 58 64 
494 24 13 95 39 
495 33 77 35 70 
496 74 25 85 37 
497 39 62 56 36 
498 90 82 4 35 
499 0 22 13 6 
500 61 96 20 83 
501 67 95 54 18 
502 48 30 75 92 
503 15 98 34 68 
504 67 9 5 6 
505 49 52 62 31 
506 30 40 80 13 
507 80 17 79 24 
508 88 84 15 66 
509 27 28 71 63 
510 24 13 61 56 
511 60 4 67 81 
512 11 12 59 20 
513 60 49 90 29 
514 69 43 58 85 
515 93 61 2 8 
516 74 83 89 23 
517 88 92 60 68 
518 38 9 67 5 
519 23 61 58 82 
520 79 80 57 88 
521 5 11 76 85 
522 50 31 7 38 
523 58 99 80 83 
524 82 70 60 69 
525 67 87 53 48 
526 27 36 51 27 
527 3 61 26 64 
528 60 27 39 32 
529 80 23 17 81 
530 90 37 65 69 
531 12 13 93 40 
532 34 49 32 2 
533 82 57 0 70 
534 83 54 23 68 
535 31 30 66 44 
536 14 19 55 37 
537 28 6 27 41 
538 2 9 60 42 
539 1 86 95 86 
540 91 32 88 79 
541 2 7 94 61 
542 74 94 30 57 
543 38 30 21 88 
544 47 24 34 60 
545 24 63 54 84 
546 71 1 57 46 
547 90 83 10 35 
548 97 99 42 12 
549 78 71 29 27 
550 84 7 50 99 
551 65 62 31 75 
552 55 12 31 3 
553 12 15 36 96 
554 19 76 36 58 
555 25 33 90 48 
556 85 51 13 31 
557 21 81 42 5 
558 84 59 77 42 
559 31 84 63 49 
560 46 93 60 53 
561 72 89 2 48 
562 69 71 94 73 
563 17 72 60 84 
564 38 1 8 36 
565 10 91 4 16 
566 17 4 83 16 
567 19 87 8 29 
568 9 29 79 34 
569 69 85 98 84 
570 58 87 29 84 
571 75 15 53 51 
572 79 61 95 81 
573 25 18 82 36 
574 25 84 29 45 
575 58 33 11 19 
576 26 46 47 71 
577 53 2 57 63 
578 90 53 27 26 
579 24 14 88 55 
580 61 42 98 76 
581 32 5 28 59 
582 61 27 57 19 
583 86 34 13 84 
584 23 4 63 61 
585 53 36 48 33 
586 65 66 55 70 
587 39 0 70 66 
588 42 24 95 30 
589 36 8 83 95 
590 4 3 44 50 
591 50 50 57 27 
592 97 63 66 33 
593 25 93 68 78 
594 62 92 35 5 
595 3 2 0 90 
596 41 22 76 4 
597 82 23 93 81 
598 71 84 77 10 
599 90 93 26 98 
600 91 92 28 60 
601 19 33 33 85 
602 5 61 75 22 
603 3 87 86 69 
604 33 84 20 98 
605 34 86 60 42 
606 71 14 46 79 
607 11 78 61 68 
608 0 84 24 97 
609 5 41 29 65 
610 45 55 26 62 
611 85 16 4 68 
612 1 28 27 70 
613 37 55 8 48 
614 80 12 54 48 
615 83 16 31 28 
616 19 38 78 55 
617 80 42 72 42 
618 75 40 35 21 
619 53 2 6 6 
620 26 73 74 94 
621 90 37 80 65 
622 31 41 87 58 
623 65 52 49 88 
624 1 18 91 3 
625 85 6 6 71 
626 28 1 35 39 
627 42 61 87 78 
628 65 1 62 84 
629 35 66 87 57 
630 47 87 26 65 
631 76 50 91 3 
632 79 2 46 47 
633 1 22 23 16 
634 23 88 3 95 
635 99 45 38 67 
636 41 28 64 31 
637 94 37 30 38 
638 14 88 96 72 
639 31 35 13 51 
640 2 45 62 32 
641 28 70 61 96 
642 80 57 78 51 
643 81 53 64 37 
644 57 51 45 64 
645 85 9 83 18 
646 81 66 31 19 
647 33 50 93 92 
648 81 56 35 49 
649 38 40 63 68 
650 62 82 39 8 
651 75 48 10 86 
652 45 35 22 62 
653 22 15 9 30 
654 63 11 32 46 
655 97 43 14 22 
656 57 10 79 81 
657 95 44 22 83 
658 68 89 14 28 
659 74 52 88 43 
660 50 36 81 87 
661 45 8 53 39 
662 1 26 94 37 
663 26 71 91 5 
664 96 41 17 85 
665 98 92 84 30 
666 36 85 35 53 
667 22 28 50 5 
668 82 31 12 61 
669 83 52 50 72 
670 56 16 11 69 
671 44 41 61 31 
672 72 25 18 16 
673 9 40 68 59 
674 44 64 2 78 
675 29 94 64 40 
676 82 56 5 74 
677 92 80 78 24 
678 26 7 80 28 
679 26 98 11 27 
680 73 90 77 95 
681 83 34 52 79 
682 92 88 87 9 
683 51 7 10 59 
684 47 24 96 43 
685 27 73 17 92 
686 35 36 16 96 
687 32 37 42 23 
688 85 84 50 99 
689 99 48 65 30 
690 93 18 10 0 
691 50 15 48 9 
692 21 74 26 54 
693 7 47 31 68 
694 7 22 72 71 
695 66 94 72 86 
696 72 1 69 20 
697 48 98 7 40 
698 72 71 38 65 
699 19 38 10 85 
700 77 2 81 12 
701 70 22 34 79 
702 0 22 42 27 
703 78 59 76 60 
704 26 3 18 74 
705 32 47 70 12 
706 4 40 83 11 
707 29 56 69 87 
708 1 10 29 69 
709 1 61 20 31 
710 17 5 14 56 
711 50 3 35 69 
712 57 71 48 2 
713 49 65 17 40 
714 90 83 45 34 
715 25 24 79 58 
716 12 17 89 62 
717 73 42 88 35 
718 82 17 15 8 
719 12 87 23 30 
720 16 56 97 85 
721 33 62 13 0 
722 57 10 96 94 
723 70 0 12 78 
724 97 57 37 89 
725 52 40 63 44 
726 78 73 28 22 
727 83 15 90 91 
728 31 80 83 39 
729 35 27 99 86 
730 33 0 60 9 
731 77 29 80 63 
732 51 12 7 81 
733 19 52 94 25 
734 92 9 96 55 
735 89 72 60 66 
736 33 81 62 47 
737 2 73 74 91 
738 5 84 14 32 
739 68 44 81 52 
740 13 36 57 65 
741 81 90 22 32 
742 7 48 11 88 
743 66 99 39 73 
744 60 93 39 3 
745 79 55 54 70 
746 67 76 68 12 
747 80 28 82 8 
748 58 94 87 24 
749 23 14 64 67 
750 18 83 18 51 
751 45 44 71 65 
752 35 54 83 68 
753 57 89 22 90 
754 67 63 34 77 
755 61 16 12 16 
756 91 63 36 71 
757 22 95 50 41 
758 75 64 38 57 
759 33 32 34 26 
760 57 31 74 78 
761 63 31 80 69 
762 77 25 16 55 
763 98 94 75 71 
764 6 58 27 76 
765 97 33 2 69 
766 74 21 16 15 
767 90 86 25 28 
768 97 18 36 2 
769 3 66 93 47 
770 91 47 79 19 
771 98 25 64 19 
772 99 32 63 8 
773 73 30 48 62 
774 86 82 3 66 
775 42 10 83 1 
776 36 35 76 87 
777 21 50 76 8 
778 82 85 7 21 
779 49 25 22 45 
780 30 56 2 53 
781 12 2 6 19 
782 10 12 25 27 
783 49 55 74 94 
784 8 94 18 33 
785 98 64 12 44 
786 66 95 62 49 
787 96 27 22 9 
788 74 86 69 73 
789 47 20 5 37 
790 80 44 6 20 
791 93 76 91 1 
792 57 21 88 55 
793 29 76 0 34 
794 5 1 84 35 
795 60 65 6 59 
796 21 74 2 34 
797 27 44 70 82 
798 38 37 95 51 
799 10 61 3 59 
800 7 31 1 90 
801 36 30 91 85 
802 0 88 52 38 
803 2 77 51 14 
804 80 63 22 9 
805 83 18 88 86 
806 16 7 68 33 
807 0 41 65 13 
808 87 11 45 14 
809 37 20 84 68 
810 41 91 92 15 
811 37 87 66 38 
812 16 25 44 70 
813 87 15 39 2 
814 79 5 54 63 
815 39 50 53 2 
816 6 47 76 18 
817 81 14 9 72 
818 83 36 91 6 
819 82 41 79 66 
820 83 94 31 88 
821 4 99 51 66 
822 80 35 40 25 
823 5 53 81 18 
824 25 59 75 47 
825 32 61 51 60 
826 8 26 50 70 
827 8 22 93 16 
828 35 94 65 15 
829 58 66 89 78 
830 32 30 42 13 
831 5 44 69 56 
832 38 19 23 14 
833 42 42 92 80 
834 20 11 78 80 
835 18 84 13 62 
836 86 26 63 3 
837 52 64 10 2 
838 15 48 74 41 
839 35 45 99 94 
840 37 2 85 34 
841 64 28 54 47 
842 41 73 82 6 
843 98 64 90 80 
844 18 43 10 53 
845 24 2 29 81 
846 59 46 32 82 
847 18 30 9 60 
848 67 73 42 58 
849 64 47 3 35 
850 49 31 54 94 
851 11 92 30 69 
852 12 78 86 38 
853 97 4 61 32 
854 14 58 31 17 
855 63 7 19 74 
856 97 10 12 33 
857 29 26 20 78 
858 82 68 72 56 
859 77 64 49 59 
860 96 49 93 88 
861 92 21 87 33 
862 97 86 21 14 
863 95 95 79 49 
864 15 90 77 28 
865 62 57 17 83 
866 59 91 19 78 
867 23 14 6 46 
868 40 63 43 41 
869 9 73 24 31 
870 64 15 30 33 
871 5 53 48 96 
872 3 0 10 84 
873 55 21 57 2 
874 54 93 51 63 
875 90 14 79 42 
876 86 42 19 41 
877 97 98 27 18 
878 67 30 45 53 
879 73 49 25 15 
880 17 94 54 10 
881 46 72 22 87 
882 51 56 26 84 
883 19 47 6 58 
884 11 69 51 92 
885 47 38 85 54 
886 80 39 84 97 
887 31 33 48 9 
888 89 57 66 86 
889 44 36 10 66 
890 70 42 89 67 
891 17 16 9 96 
892 88 95 18 18 
893 21 89 35 36 
894 11 85 20 98 
895 95 20 99 16 
896 96 61 56 40 
897 24 17 98 38 
898 33 84 8 30 
899 42 8 66 83 
900 29 43 55 82 
901 3 31 45 14 
902 20 63 99 73 
903 86 78 4 61 
904 92 96 54 55 
905 38 17 86 32 
906 12 74 96 22 
907 98 58 70 57 
908 27 51 93 47 
909 35 95 49 39 
910 56 10 86 18 
911 93 86 14 24 
912 30 81 91 69 
913 24 7 86 87 
914 28 43 33 57 
915 40 28 0 91 
916 76 71 11 47 
917 56 76 37 30 
918 11 7 68 4 
919 40 99 85 66 
920 86 47 2 51 
921 35 75 45 51 
922 45 95 27 90 
923 28 26 92 39 
924 74 31 26 63 
925 5 43 54 71 
926 2 25 15 74 
927 74 91 79 54 
928 11 2 99 15 
929 45 41 90 3 
930 99 79 81 8 
931 57 10 32 88 
932 44 8 39 5 
933 99 98 49 23 
934 13 73 42 34 
935 60 82 78 2 
936 32 89 8 19 
937 91 24 62 8 
938 70 42 17 94 
939 99 69 72 47 
940 22 31 49 68 
941 23 84 79 87 
942 12 98 10 50 
943 45 27 16 24 
944 53 38 11 39 
945 4 21 64 53 
946 90 29 41 79 
947 53 74 10 40 
948 39 7 51 50 
949 14 85 41 40 
950 72 97 19 93 
951 86 13 68 64 
952 98 97 24 33 
953 70 88 7 83 
954 88 89 41 61 
955 14 32 55 82 
956 13 72 91 29 
957 40 83 16 62 
958 88 40 22 46 
959 40 59 47 50 
960 11 93 88 71 
961 5 57 14 71 
962 70 86 13 86 
963 6 29 54 41 
964 36 99 55 5 
965 69 61 29 23 
966 64 40 38 76 
967 13 17 94 17 
968 12 88 18 75 
969 98 88 98 26 
970 70 90 55 60 
971 95 32 57 92 
972 74 40 79 86 
973 10 9 18 76 
974 31 90 92 31 
975 6 32 34 57 
976 99 50 59 25 
977 76 47 1 64 
978 98 9 48 48 
979 5 49 89 93 
980 1 65 98 0 
981 49 56 58 1 
982 52 15 0 60 
983 65 87 93 6 
984 56 73 53 86 
985 40 77 93 38 
986 31 33 47 23 
987 39 1 77 34 
988 53 72 23 63 
989 32 27 74 30 
990 11 39 14 56 
991 84 30 49 89 
992 3 58 63 58 
993 94 93 9 0 
994 45 36 7 61 
995 1 26 13 44 
996 64 90 91 55 
997 59 90 18 92 
998 37 3 85 59 
999 14 86 65 61 
1000 6 0 79 45 
1001 92 58 56 97 
1002 86 89 62 14 
1003 92 12 17 99 
1004 34 23 45 96 
1005 45 93 24 99 
1006 84 16 19 7 
1007 16 45 41 95 
1008 22 54 97 89 
1009 92 53 30 79 
1010 39 31 37 45 
1011 91 70 56 46 
1012 68 16 46 30 
1013 35 16 71 29 
1014 51 27 62 19 
1015 22 81 72 66 
1016 27 96 59 55 
1017 72 36 42 86 
1018 61 9 33 24 
1019 22 46 5 76 
1020 34 74 62 91 
1021 46 10 67 79 
1022 70 32 73 55 
1023 66 72 29 94 
1024 31 82 86 14 
1025 57 39 99 12 
1026 70 96 86 21 
1027 98 49 50 52 
1028 48 22 96 27 
1029 37 51 31 81 
1030 11 23 90 86 
1031 55 58 70 11 
1032 28 78 23 46 
1033 51 40 23 90 
1034 27 95 64 82 
1035 20 10 12 77 
1036 6 7 83 86 
1037 46 42 63 19 
1038 30 85 65 76 
1039 16 68 89 47 
1040 4 98 42 90 
1041 91 72 81 48 
1042 43 37 81 12 
1043 14 6 47 73 
1044 4 1 3 67 
1045 57 35 79 64 
1046 24 75 49 25 
1047 76 58 92 1 
1048 0 61 13 9 
1049 78 88 78 43 
1050 97 65 84 67 
1051 87 45 1 64 
1052 90 2 61 12 
1053 41 28 53 93 
1054 72 5 57 35 
1055 56 82 45 82 
1056 84 71 52 85 
1057 95 25 24 68 
1058 3 89 41 17 
1059 42 47 53 25 
1060 66 0 33 35 
1061 90 18 89 87 
1062 80 1 86 95 
1063 89 1 69 66 
1064 82 36 16 5 
1065 64 3 29 98 
1066 91 59 42 81 
1067 54 35 21 25 
1068 39 54 68 62 
1069 11 98 25 60 
1070 51 75 31 23 
1071 4 21 60 69 
1072 92 62 48 92 
1073 15 63 94 0 
1074 77 29 68 35 
1075 72 25 68 6 
1076 85 63 9 26 
1077 30 65 11 22 
1078 41 38 58 46 
1079 37 88 26 73 
1080 9 20 96 99 
1081 77 26 98 31 
1082 50 68 93 79 
1083 50 43 55 68 
1084 32 35 59 82 
1085 87 95 30 22 
1086 71 21 49 62 
1087 52 22 57 94 
1088 95 89 26 24 
1089 17 96 91 55 
1090 55 60 2 79 
1091 75 3 96 52 
1092 68 99 27 15 
1093 66 57 48 76 
1094 83 78 79 4 
1095 87 55 33 7 
1096 16 61 9 22 
1097 35 72 75 9 
1098 71 15 19 28 
1099 44 67 4 28 
1100 42 33 59 62 
1101 74 45 88 42 
1102 14 32 12 48 
1103 25 40 47 36 
1104 71 58 5 15 
1105 94 23 49 72 
1106 2 2 77 14 
1107 4 25 57 29 
1108 40 55 59 95 
1109 48 95 25 82 
1110 0 88 33 67 
1111 97 83 62 59 
1112 19 0 77 75 
1113 55 87 29 25 
1114 62 38 72 51 
1115 42 31 71 30 
1116 45 41 51 72 
1117 67 3 60 23 
1118 81 69 17 87 
1119 46 36 7 19 
1120 83 86 38 80 
1121 84 16 96 46 
1122 20 30 19 80 
1123 10 58 92 50 
1124 59 48 81 43 
1125 46 57 53 0 
1126 14 44 81 54 
1127 50 11 13 40 
1128 35 66 48 76 
1129 98 17 46 32 
1130 36 34 2 26 
1131 86 91 23 39 
1132 71 34 9 73 
1133 6 72 75 34 
1134 48 12 33 74 
1135 85 27 77 74 
1136 97 40 48 65 
1137 49 79 72 10 
1138 20 42 25 29 
1139 51 65 14 65 
1140 41 46 70 37 
1141 79 11 31 22 
1142 36 91 54 42 
1143 55 37 92 22 
1144 31 62 94 93 
1145 79 30 9 38 
1146 95 18 79 69 
1147 58 19 85 8 
1148 36 44 43 54 
1149 95 0 48 13 
1150 36 99 76 54 
1151 75 39 57 24 
1152 91 5 36 20 
1153 11 30 42 25 
1154 30 6 23 60 
1155 98 26 5 49 
1156 96 99 60 89 
1157 7 79 11 56 
1158 93 10 33 98 
1159 67 72 84 67 
1160 51 22 59 0 
1161 87 48 19 74 
1162 68 97 51 2 
1163 45 25 93 49 
1164 71 40 91 8 
1165 62 3 91 87 
1166 61 22 47 67 
1167 91 11 9 26 
1168 6 2 59 67 
1169 18 65 27 42 
1170 69 14 24 72 
1171 28 31 79 56 
1172 18 75 29 56 
1173 60 9 25 69 
1174 10 0 78 73 
1175 96 79 29 65 
1176 57 92 63 14 
1177 52 17 89 76 
1178 4 80 50 93 
1179 71 45 30 76 
1180 66 38 18 2 
1181 33 60 15 70 
1182 20 26 28 9 
1183 82 36 68 7 
1184 79 99 25 63 
1185 54 29 7 81 
1186 34 20 75 71 
1187 42 83 18 32 
1188 40 0 39 52 
1189 13 19 14 96 
1190 18 17 20 14 
1191 91 97 57 83 
1192 46 31 79 45 
1193 22 74 37 44 
1194 64 48 66 97 
1195 6 73 13 20 
1196 56 2 72 60 
1197 7 52 27 78 
1198 73 87 31 93 
1199 85 39 99 99 
1200 86 66 54 8 
1201 86 30 41 95 
1202 33 75 21 58 
1203 7 51 7 84 
1204 97 29 80 69 
1205 58 69 38 78 
1206 73 97 0 11 
1207 5 4 75 3 
1208 62 31 10 88 
1209 80 73 22 69 
1210 90 27 94 49 
1211 89 91 62 56 
1212 89 36 8 14 
1213 62 64 35 67 
1214 46 60 8 82 
1215 78 73 79 96 
1216 42 42 37 38 
1217 60 0 61 89 
1218 54 42 30 65 
1219 3 30 56 59 
1220 0 7 4 54 
1221 66 72 55 23 
1222 89 39 12 52 
1223 38 36 60 16 
1224 51 23 97 6 
1225 4 13 55 70 
1226 9 73 72 31 
1227 3 40 30 9 
1228 69 53 65 84 
1229 0 67 85 24 
1230 58 44 14 25 
1231 85 13 58 46 
1232 49 24 78 78 
1233 16 77 33 32 
1234 54 38 72 56 
1235 49 85 13 2 
1236 86 61 86 64 
1237 68 95 17 13 
1238 80 63 42 9 
1239 48 25 60 67 
1240 41 31 4 6 
1241 37 82 78 37 
1242 89 45 0 30 
1243 92 55 47 84 
1244 78 9 77 29 
1245 2 24 8 22 
1246 71 68 33 88 
1247 95 78 94 2 
1248 6 63 39 76 
1249 51 24 48 26 
1250 1 19 51 31 
1251 56 34 74 45 
1252 76 56 26 49 
1253 52 40 24 58 
1254 32 56 10 6 
1255 12 45 52 33 
1256 96 61 32 62 
1257 98 56 12 20 
1258 9 89 93 17 
1259 99 85 93 81 
1260 94 75 81 52 
1261 42 40 56 81 
1262 8 60 78 48 
1263 86 71 18 40 
1264 91 16 63 89 
1265 76 95 28 36 
1266 19 25 61 65 
1267 34 5 56 54 
1268 26 58 25 78 
1269 18 1 70 7 
1270 26 56 26 22 
1271 84 3 24 71 
1272 15 32 69 24 
1273 71 2 84 52 
1274 44 85 31 3 
1275 49 13 20 98 
1276 57 31 57 27 
1277 70 43 60 88 
1278 68 76 76 61 
1279 15 8 93 1 
1280 33 94 74 95 
1281 70 25 9 86 
1282 63 47 79 42 
1283 16 97 20 16 
1284 32 51 88 78 
1285 46 83 64 56 
1286 60 25 2 50 
1287 17 19 27 11 
1288 5 60 48 65 
1289 92 40 98 58 
1290 18 58 73 12 
1291 23 28 83 97 
1292 73 57 88 79 
1293 54 89 29 52 
1294 80 43 76 93 
1295 17 64 78 58 
1296 77 67 61 70 
1297 41 6 12 97 
1298 66 70 23 76 
1299 85 35 96 48 
1300 53 47 80 11 
1301 27 26 65 56 
1302 4 51 24 59 
1303 86 19 10 56 
1304 24 43 35 28 
1305 89 96 43 52 
1306 28 10 7 18 
1307 67 57 44 32 
1308 88 48 56 95 
1309 92 12 76 78 
1310 67 7 69 32 
1311 68 62 97 54 
1312 14 95 49 14 
1313 47 37 75 78 
1314 26 77 78 41 
1315 35 32 60 34 
1316 40 26 75 88 
1317 90 25 8 37 
1318 80 77 20 28 
1319 11 0 8 17 
1320 65 26 77 5 
1321 64 98 6 15 
1322 47 62 16 69 
1323 66 42 82 75 
1324 15 97 21 46 
1325 70 6 93 31 
1326 16 88 19 7 
1327 76 87 62 55 
1328 0 91 36 99 
1329 33 15 0 64 
1330 19 60 96 96 
1331 64 65 7 16 
1332 74 6 61 32 
1333 92 38 82 17 
1334 43 14 52 85 
1335 94 27 87 19 
1336 38 90 9 97 
1337 16 98 85 82 
1338 96 41 43 48 
1339 85 67 88 94 
1340 21 75 67 80 
1341 27 47 81 25 
1342 9 75 20 76 
1343 50 76 5 40 
1344 83 40 14 15 
1345 78 19 82 4 
1346 93 73 31 99 
1347 63 61 0 91 
1348 45 4 96 2 
1349 6 48 24 72 
1350 25 15 3 95 
1351 27 48 48 77 
1352 76 58 28 38 
1353 63 62 77 7 
1354 15 1 34 0 
1355 73 77 13 50 
1356 3 31 97 83 
1357 76 86 61 25 
1358 97 59 56 11 
1359 92 86 81 72 
1360 29 65 91 9 
1361 72 43 42 97 
1362 32 51 66 10 
1363 10 52 69 77 
1364 40 32 29 69 
1365 18 80 66 90 
1366 17 19 86 90 
1367 16 87 37 23 
1368 3 48 45 50 
1369 24 88 61 48 
1370 45 2 31 22 
1371 60 7 61 95 
1372 65 9 65 14 
1373 48 91 91 10 
1374 7 2 7 30 
1375 74 56 38 68 
1376 8 77 86 85 
1377 69 94 19 18 
1378 86 13 16 70 
1379 16 64 36 20 
1380 15 80 0 52 
1381 84 70 55 18 
1382 7 21 40 81 
1383 28 77 86 34 
1384 51 84 83 58 
1385 33 30 85 43 
1386 58 75 17 55 
1387 36 94 48 43 
1388 33 16 15 86 
1389 61 1 21 46 
1390 65 39 21 25 
1391 25 85 1 55 
1392 35 9 12 84 
1393 64 7 66 68 
1394 51 26 84 33 
1395 33 81 74 13 
1396 70 73 89 54 
1397 1 76 20 23 
1398 82 12 10 96 
1399 11 12 24 39 
1400 38 76 67 10 
1401 17 83 9 82 
1402 46 88 3 47 
1403 55 83 2 40 
1404 18 97 44 74 
1405 86 18 58 62 
1406 59 28 24 62 
1407 46 24 94 95 
1408 96 84 45 86 
1409 33 12 55 85 
1410 91 58 40 4 
1411 11 69 45 44 
1412 75 65 83 55 
1413 32 54 79 3 
1414 6 18 4 82 
1415 75 94 17 41 
1416 62 35 93 93 
1417 5 48 72 92 
1418 24 33 15 75 
1419 22 39 44 79 
1420 81 23 85 15 
1421 24 20 7 20 
1422 65 50 99 46 
1423 13 74 94 52 
1424 11 20 25 9 
1425 43 54 25 79 
1426 74 43 51 29 
1427 34 31 7 16 
1428 40 95 26 57 
1429 56 2 74 7 
1430 79 13 1 78 
1431 59 98 85 3 
1432 13 84 42 49 
1433 98 66 77 76 
1434 48 41 91 74 
1435 40 60 8 26 
1436 79 17 11 45 
1437 89 54 8 92 
1438 0 64 29 35 
1439 23 31 89 72 
1440 78 56 47 80 
1441 35 22 74 12 
1442 77 29 99 61 
1443 6 81 26 51 
1444 50 33 34 92 
1445 19 36 44 43 
1446 94 26 32 52 
1447 62 57 87 3 
1448 11 81 19 86 
1449 37 48 19 59 
1450 9 41 68 58 
1451 23 70 90 53 
1452 60 66 0 8 
1453 15 63 9 0 
1454 49 41 3 94 
1455 98 43 94 49 
1456 23 60 34 54 
1457 10 43 87 69 
1458 47 65 65 7 
1459 4 6 43 57 
1460 67 14 35 45 
1461 65 44 76 36 
1462 6 89 95 78 
1463 35 58 4 61 
1464 93 0 88 94 
1465 25 68 56 45 
1466 58 35 89 35 
1467 77 21 12 24 
1468 57 78 9 42 
1469 83 29 9 54 
1470 49 35 67 21 
1471 12 98 64 78 
1472 96 31 58 18 
1473 15 77 88 37 
1474 21 76 6 28 
1475 36 47 9 50 
1476 56 39 48 33 
1477 83 78 60 47 
1478 35 52 65 78 
1479 74 96 21 50 
1480 82 88 16 11 
1481 34 47 1 95 
1482 18 31 73 73 
1483 46 89 92 93 
1484 2 22 63 44 
1485 85 31 12 19 
1486 31 87 80 56 
1487 0 32 87 58 
1488 19 54 77 7 
1489 13 21 79 60 
1490 11 83 69 32 
1491 23 64 50 10 
1492 71 23 45 84 
1493 23 36 81 7 
1494 74 0 67 4 
1495 21 94 0 58 
1496 90 82 9 96 
1497 46 55 44 3 
1498 50 67 9 74 
1499 7 98 26 74 
1500 78 60 93 55 
1501 71 92 6 62 
1502 21 74 50 70 
1503 61 26 86 54 
1504 96 22 61 69 
1505 0 22 41 86 
1506 76 90 49 92 
1507 99 80 47 62 
1508 14 34 18 69 
1509 64 54 47 0 
1510 61 46 63 86 
1511 64 5 64 73 
1512 23 65 49 90 
1513 73 94 61 41 
1514 17 12 64 57 
1515 7 40 74 90 
1516 7 23 97 42 
1517 12 78 22 4 
1518 4 2 64 22 
1519 21 4 45 9 
1520 18 3 26 95 
1521 62 24 2 92 
1522 31 97 18 18 
1523 20 97 49 47 
1524 53 72 5 31 
1525 82 19 1 13 
1526 18 78 97 6 
1527 52 76 13 27 
1528 83 51 90 19 
1529 52 36 89 96 
1530 89 56 88 58 
1531 96 42 14 44 
1532 11 88 72 38 
1533 15 40 11 30 
1534 46 36 19 98 
1535 46 9 7 95 
1536 58 16 51 73 
1537 71 49 9 42 
1538 32 47 5 73 
1539 41 91 24 18 
1540 87 40 83 83 
1541 96 86 29 30 
1542 73 30 60 1 
1543 71 89 21 75 
1544 81 9 20 18 
1545 69 17 26 89 
1546 39 14 28 21 
1547 60 38 7 2 
1548 52 12 11 85 
1549 75 21 89 75 
1550 33 83 7 69 
1551 15 27 83 8 
1552 37 55 86 62 
1553 55 94 3 29 
1554 34 25 83 0 
1555 72 18 97 78 
1556 92 11 39 37 
1557 34 91 6 25 
1558 62 80 54 37 
1559 58 99 93 62 
1560 8 17 60 20 
1561 95 40 43 55 
1562 76 29 16 81 
1563 48 93 22 26 
1564 97 14 60 53 
1565 35 36 23 32 
1566 96 74 54 82 
1567 83 54 22 47 
1568 89 71 45 32 
1569 80 34 75 40 
1570 23 75 86 70 
1571 87 77 81 6 
1572 63 49 66 36 
1573 19 14 25 29 
1574 26 89 89 8 
1575 65 24 17 55 
1576 48 77 97 44 
1577 36 66 49 25 
1578 87 85 37 10 
1579 63 21 1 91 
1580 38 70 64 42 
1581 79 76 23 4 
1582 68 73 22 9 
1583 47 78 85 83 
1584 10 21 47 62 
1585 3 47 7 33 
1586 77 43 65 58 
1587 35 27 85 83 
1588 60 38 14 16 
1589 83 56 1 66 
1590 54 71 60 80 
1591 37 44 79 59 
1592 19 36 58 92 
1593 0 82 11 72 
1594 92 59 96 17 
1595 66 15 89 67 
1596 59 61 44 99 
1597 7 49 86 82 
1598 73 34 61 46 
1599 16 12 2 70 
1600 53 61 84 76 
1601 86 48 29 3 
1602 95 78 88 15 
1603 19 20 14 67 
1604 74 20 92 2 
1605 28 55 96 86 
1606 16 2 71 79 
1607 16 30 52 39 
1608 86 18 60 47 
1609 2 25 45 60 
1610 21 78 44 54 
1611 91 8 80 79 
1612 11 2 3 5 
1613 85 3 17 15 
1614 88 16 48 36 
1615 28 3 21 25 
1616 70 46 57 29 
1617 23 94 99 33 
1618 8 94 24 89 
1619 13 3 71 14 
1620 33 5 33 57 
1621 77 16 21 89 
1622 33 86 68 35 
1623 66 91 77 97 
1624 26 53 69 47 
1625 25 70 78 51 
1626 21 40 11 94 
1627 9 51 44 15 
1628 56 56 29 18 
1629 68 47 93 95 
1630 20 83 32 13 
1631 86 28 31 60 
1632 31 2 31 69 
1633 28 77 39 5 
1634 44 65 12 0 
1635 46 74 88 65 
1636 18 39 51 98 
1637 62 54 17 64 
1638 68 21 58 8 
1639 69 90 53 83 
1640 59 17 8 15 
1641 50 70 77 40 
1642 52 27 46 99 
1643 77 99 3 96 
1644 47 2 17 56 
1645 5 49 43 88 
1646 64 93 24 34 
1647 35 24 36 50 
1648 38 43 3 29 
1649 97 77 90 9 
1650 27 19 77 16 
1651 95 86 58 34 
1652 4 65 93 29 
1653 53 50 32 45 
1654 82 71 67 64 
1655 90 47 63 33 
1656 8 15 35 48 
1657 37 14 72 45 
1658 85 90 9 66 
1659 38 72 77 73 
1660 52 17 31 56 
1661 62 94 49 19 
1662 13 27 32 77 
1663 91 35 49 22 
1664 65 81 44 69 
1665 11 43 66 62 
1666 68 15 45 86 
1667 98 77 53 17 
1668 80 52 32 73 
1669 25 20 18 76 
1670 95 79 37 36 
1671 37 47 26 40 
1672 2 36 28 13 
1673 67 36 21 31 
1674 88 71 32 1 
1675 69 85 47 16 
1676 75 32 73 80 
1677 1 96 85 53 
1678 69 73 3 98 
1679 86 10 39 5 
1680 7 82 79 79 
1681 89 28 66 89 
1682 30 83 15 40 
1683 68 94 63 52 
1684 6 45 82 46 
1685 65 83 83 64 
1686 7 46 73 6 
1687 45 81 89 40 
1688 14 16 3 3 
1689 67 86 32 3 
1690 19 80 1 54 
1691 4 43 70 55 
1692 63 84 67 15 
1693 70 60 60 99 
1694 27 10 87 68 
1695 67 15 33 79 
1696 91 78 99 48 
1697 44 4 95 26 
1698 69 37 19 72 
1699 4 38 91 85 
1700 73 58 85 24 
1701 86 56 31 78 
1702 60 61 82 48 
1703 2 17 88 77 
1704 26 62 44 34 
1705 4 15 88 92 
1706 43 4 68 67 
1707 56 99 39 15 
1708 70 73 85 22 
1709 33 78 74 78 
1710 52 74 53 29 
1711 99 55 76 76 
1712 88 56 88 1 
1713 72 17 9 81 
1714 9 16 70 76 
1715 56 58 66 48 
1716 95 69 13 26 
1717 88 26 27 92 
1718 14 9 95 74 
1719 73 17 36 60 
1720 89 42 60 19 
1721 9 77 41 18 
1722 17 52 75 33 
1723 44 60 26 8 
1724 3 25 64 17 
1725 82 40 59 10 
1726 6 56 5 12 
1727 68 3 33 52 
1728 59 20 84 40 
1729 63 65 19 45 
1730 71 84 42 93 
1731 41 6 78 90 
1732 97 39 61 32 
1733 0 49 15 82 
1734 87 53 20 77 
1735 70 81 42 91 
1736 62 12 42 19 
1737 40 79 88 83 
1738 42 29 29 95 
1739 5 47 49 10 
1740 83 87 53 92 
1741 85 82 67 19 
1742 77 59 6 67 
1743 3 95 2 4 
1744 8 82 84 5 
1745 43 74 98 63 
1746 17 36 70 30 
1747 47 73 64 2 
1748 58 80 72 9 
1749 48 52 22 61 
1750 29 23 57 62 
1751 94 70 34 87 
1752 52 52 92 32 
1753 64 62 54 13 
1754 3 43 94 92 
1755 17 70 5 15 
1756 68 28 50 2 
1757 53 76 32 90 
1758 33 69 70 30 
1759 12 91 20 36 
1760 85 80 89 24 
1761 72 47 32 99 
1762 96 64 68 87 
1763 69 6 13 34 
1764 44 85 71 24 
1765 84 7 43 50 
1766 5 2 92 91 
1767 49 63 49 80 
1768 98 91 99 92 
1769 0 13 33 79 
1770 95 95 62 99 
1771 54 3 64 59 
1772 10 57 95 4 
1773 38 88 56 8 
1774 66 50 18 17 
1775 33 87 21 48 
1776 37 52 6 93 
1777 24 66 87 49 
1778 75 97 14 41 
1779 41 94 52 31 
1780 65 54 87 17 
1781 85 96 20 56 
1782 2 58 35 87 
1783 52 30 37 55 
1784 53 98 38 32 
1785 58 29 46 79 
1786 35 69 98 91 
1787 7 71 85 38 
1788 94 49 60 32 
1789 51 36 91 71 
1790 63 50 77 29 
1791 51 16 85 50 
1792 1 70 31 31 
1793 52 7 59 46 
1794 28 96 90 34 
1795 26 25 47 50 
1796 3 12 3 60 
1797 71 48 90 15 
1798 35 49 27 17 
1799 54 93 51 14 
1800 6 92 56 18 
1801 28 79 17 94 
1802 95 37 50 26 
1803 86 54 45 33 
1804 94 3 84 75 
1805 57 94 19 94 
1806 69 97 82 1 
1807 46 90 20 28 
1808 14 37 32 77 
1809 99 70 7 73 
1810 73 26 89 97 
1811 12 32 34 54 
1812 43 24 54 14 
1813 98 25 55 78 
1814 94 84 8 4 
1815 35 14 34 11 
1816 79 45 34 99 
1817 58 8 25 86 
1818 73 13 97 21 
1819 21 8 79 77 
1820 59 62 83 28 
1821 9 40 32 19 
1822 89 87 25 64 
1823 43 52 23 71 
1824 96 57 76 93 
1825 57 68 19 47 
1826 46 60 27 85 
1827 30 23 83 99 
1828 64 20 33 98 
1829 68 36 64 41 
1830 30 57 14 76 
1831 90 14 4 52 
1832 55 6 37 17 
1833 84 28 98 65 
1834 48 14 64 67 
1835 46 80 3 87 
1836 66 9 86 81 
1837 94 79 26 43 
1838 85 20 64 60 
1839 54 69 67 87 
1840 83 17 81 27 
1841 97 3 28 36 
1842 45 38 12 60 
1843 94 87 80 61 
1844 5 60 67 27 
1845 61 25 66 44 
1846 33 82 45 19 
1847 17 13 95 88 
1848 29 85 76 38 
1849 12 36 49 77 
1850 36 62 25 4 
1851 92 74 92 91 
1852 15 26 95 14 
1853 68 80 31 87 
1854 5 6 78 27 
1855 3 90 27 28 
1856 90 48 45 59 
1857 45 93 18 17 
1858 9 77 77 20 
1859 30 49 31 33 
1860 13 76 32 65 
1861 9 31 57 36 
1862 37 36 67 85 
1863 35 66 28 99 
1864 92 55 56 3 
1865 86 5 85 17 
1866 73 65 3 92 
1867 25 47 19 28 
1868 96 9 75 16 
1869 88 63 10 57 
1870 88 60 51 2 
1871 99 72 43 53 
1872 40 82 88 50 
1873 85 80 17 68 
1874 31 86 43 72 
1875 97 74 38 53 
1876 88 64 30 22 
1877 76 57 14 76 
1878 17 4 1 37 
1879 52 46 58 97 
1880 5 52 83 55 
1881 69 53 8 78 
1882 99 31 0 27 
1883 39 88 67 83 
1884 73 91 26 24 
1885 76 92 43 66 
1886 8 13 9 19 
1887 98 29 1 64 
1888 45 50 79 35 
1889 53 76 68 25 
1890 88 72 72 9 
1891 68 22 42 2 
1892 58 74 50 89 
1893 71 42 29 98 
1894 98 0 95 54 
1895 34 61 27 82 
1896 7 42 3 72 
1897 91 54 75 37 
1898 16 1 56 37 
1899 19 76 95 87 
1900 48 90 44 39 
1901 22 94 21 8 
1902 89 43 93 10 
1903 82 5 5 85 
1904 66 94 8 65 
1905 91 81 46 70 
1906 37 92 73 64 
1907 13 69 13 7 
1908 9 19 45 79 
1909 48 65 14 33 
1910 77 32 13 95 
1911 54 34 66 58 
1912 87 77 46 51 
1913 10 71 80 5 
1914 40 92 61 25 
1915 42 59 83 54 
1916 98 48 52 67 
1917 66 1 26 15 
1918 46 41 9 43 
1919 90 44 61 33 
1920 16 21 49 38 
1921 3 8 51 8 
1922 25 42 83 20 
1923 69 12 20 44 
1924 39 79 97 12 
1925 65 62 49 36 
1926 15 91 24 73 
1927 93 75 2 81 
1928 5 22 51 78 
1929 32 25 33 6 
1930 61 49 50 64 
1931 76 24 80 26 
1932 0 57 88 93 
1933 45 70 1 87 
1934 45 40 94 99 
1935 46 86 49 80 
1936 69 33 66 16 
1937 21 52 57 18 
1938 17 91 46 39 
1939 77 38 32 62 
1940 33 82 18 84 
1941 85 88 90 82 
1942 48 9 93 91 
1943 72 37 60 49 
1944 62 21 0 92 
1945 19 5 76 44 
1946 75 71 22 39 
1947 68 51 40 38 
1948 4 97 40 77 
1949 97 5 85 46 
1950 17 51 2 71 
1951 34 2 3 38 
1952 54 96 68 31 
1953 28 54 85 23 
1954 18 85 22 24 
1955 82 38 35 99 
1956 2 92 65 58 
1957 31 8 21 84 
1958 13 26 66 16 
1959 64 26 41 40 
1960 71 37 14 14 
1961 35 52 13 1 
1962 33 84 65 83 
1963 10 99 94 84 
1964 96 87 55 3 
1965 69 25 14 92 
1966 5 11 29 57 
1967 86 65 67 87 
1968 9 65 4 8 
1969 54 39 62 74 
1970 77 26 2 65 
1971 77 99 49 6 
1972 82 91 95 40 
1973 73 80 85 9 
1974 10 3 12 38 
1975 49 44 71 97 
1976 14 14 78 77 
1977 78 50 53 37 
1978 53 33 51 71 
1979 86 29 82 77 
1980 9 70 25 5 
1981 54 41 30 52 
1982 92 43 98 73 
1983 2 84 31 26 
1984 68 87 12 86 
1985 44 20 76 89 
1986 70 72 71 65 
1987 13 91 2 60 
1988 49 38 33 21 
1989 6 14 50 1 
1990 56 5 17 39 
1991 43 37 58 68 
1992 76 90 16 94 
1993 36 12 17 7 
1994 43 88 35 95 
1995 30 85 93 80 
1996 28 28 86 14 
1997 64 26 98 79 
1998 36 16 25 46 
1999 3 53 13 87 
2000 8 37 79 21 
2001 92 38 33 31 
2002 20 51 98 91 
2003 60 71 42 89 
2004 35 37 22 50 
2005 74 65 62 7 
2006 67 30 76 51 
2007 81 34 67 99 
2008 77 46 22 40 
2009 88 23 0 21 
2010 80 73 64 92 
2011 70 87 55 66 
2012 1 99 79 47 
2013 71 79 7 27 
2014 71 2 70 28 
2015 16 66 53 44 
2016 81 49 53 9 
2017 81 14 83 20 
2018 12 74 20 23 
2019 80 96 37 42 
2020 19 79 54 62 
2021 35 97 75 1 
2022 35 18 49 19 
2023 89 3 26 16 
2024 40 9 27 20 
2025 43 51 29 27 
2026 44 86 22 29 
2027 17 98 38 5 
2028 60 6 89 77 
2029 82 1 66 88 
2030 62 78 0 8 
2031 1 77 73 59 
2032 62 87 51 5 
2033 87 96 57 76 
2034 88 10 68 74 
2035 12 10 93 30 
2036 70 60 38 22 
2037 55 79 76 87 
2038 6 8 50 42 
2039 81 87 8 81 
2040 6 26 93 48 
2041 17 60 80 82 
2042 50 64 14 83 
2043 57 64 0 12 
2044 35 75 0 56 
2045 63 53 20 84 
2046 98 79 17 89 
2047 52 83 65 59 
2048 51 79 81 13 
2049 99 44 51 69 
2050 17 60 31 49 
2051 90 92 67 15 
2052 20 39 74 65 
2053 69 67 73 67 
2054 63 67 26 31 
2055 9 93 42 37 
2056 2 3 69 39 
2057 87 55 59 94 
2058 37 69 9 97 
2059 84 43 58 72 
2060 83 46 54 91 
2061 60 96 12 17 
2062 63 54 34 57 
2063 94 64 15 8 
2064 19 37 55 53 
2065 44 64 0 13 
2066 74 60 17 75 
2067 9 61 4 31 
2068 37 28 74 75 
2069 89 43 77 38 
2070 25 85 59 6 
2071 17 84 22 86 
2072 12 89 52 24 
2073 54 77 93 97 
2074 16 43 89 29 
2075 63 92 20 76 
2076 18 92 50 30 
2077 5 82 31 17 
2078 55 48 33 5 
2079 68 87 27 1 
2080 93 42 37 35 
2081 63 91 99 49 
2082 38 49 39 27 
2083 95 49 61 45 
2084 36 33 97 98 
2085 28 5 96 71 
2086 27 77 10 6 
2087 7 59 20 15 
2088 57 57 20 86 
2089 36 29 36 76 
2090 26 3 40 61 
2091 81 25 83 14 
2092 33 77 89 1 
2093 34 18 15 22 
2094 40 8 40 73 
2095 54 72 47 43 
2096 28 27 67 43 
2097 42 27 64 0 
2098 89 84 3 87 
2099 33 54 45 47 
2100 42 85 99 56 
2101 45 50 4 48 
2102 61 8 37 47 
2103 22 95 92 27 
2104 88 22 47 90 
2105 15 70 66 74 
2106 34 94 17 43 
2107 38 15 36 40 
2108 35 8 51 96 
2109 67 85 85 26 
2110 21 8 49 7 
2111 83 44 6 6 
2112 97 25 11 82 
2113 57 28 21 48 
2114 33 59 62 9 
2115 91 20 45 40 
2116 32 18 28 59 
2117 30 72 42 16 
2118 28 98 18 81 
2119 53 68 90 61 
2120 12 72 90 2 
2121 11 63 15 41 
2122 37 86 81 86 
2123 50 64 66 26 
2124 86 43 53 26 
2125 82 15 92 54 
2126 98 85 46 28 
2127 77 26 40 54 
2128 50 6 15 74 
2129 82 64 96 83 
2130 7 89 23 73 
2131 83 8 87 10 
2132 15 23 24 76 
2133 25 65 54 58 
2134 62 42 58 14 
2135 6 66 14 49 
2136 57 68 7 36 
2137 90 14 77 89 
2138 94 85 51 6 
2139 34 94 72 46 
2140 2 11 15 41 
2141 55 94 28 83 
2142 81 87 21 10 
2143 72 37 9 13 
2144 63 41 24 87 
2145 74 28 6 16 
2146 99 18 95 84 
2147 69 76 22 41 
2148 17 49 75 13 
2149 25 99 10 67 
2150 82 24 43 3 
2151 31 19 99 82 
2152 75 74 34 88 
2153 40 56 60 7 
2154 86 89 13 90 
2155 52 17 65 1 
2156 55 43 98 74 
2157 45 61 97 78 
2158 15 32 13 29 
2159 17 83 83 83 
2160 86 86 48 89 
2161 9 87 44 8 
2162 85 30 87 65 
2163 64 43 9 1 
2164 87 44 29 67 
2165 72 73 29 94 
2166 91 66 69 30 
2167 31 72 47 81 
2168 24 99 58 57 
2169 53 66 69 22 
2170 83 54 83 79 
2171 59 78 82 1 
2172 31 13 83 91 
2173 31 91 39 15 
2174 99 80 16 34 
2175 36 34 94 21 
2176 5 75 57 73 
2177 83 58 90 11 
2178 53 7 69 46 
2179 83 30 22 49 
2180 57 29 1 17 
2181 31 28 88 56 
2182 59 52 56 41 
2183 87 89 92 79 
2184 29 86 20 47 
2185 72 13 77 83 
2186 48 90 75 88 
2187 3 49 90 21 
2188 12 33 20 6 
2189 93 28 52 80 
2190 77 94 25 47 
2191 25 33 9 78 
2192 46 53 40 62 
2193 26 70 60 70 
2194 86 59 61 96 
2195 25 57 1 31 
2196 27 36 18 89 
2197 98 76 45 99 
2198 2 4 93 9 
2199 5 8 57 59 
2200 91 16 39 55 
2201 7 52 95 53 
2202 86 76 49 61 
2203 57 8 52 12 
2204 75 7 8 18 
2205 76 88 59 14 
2206 0 14 88 64 
2207 9 11 37 86 
2208 27 98 70 99 
2209 11 29 55 48 
2210 44 31 13 90 
2211 70 99 40 59 
2212 3 0 94 7 
2213 74 49 22 68 
2214 85 91 36 76 
2215 24 14 44 73 
2216 90 14 63 79 
2217 99 85 69 63 
2218 25 74 57 31 
2219 47 90 92 50 
2220 31 26 3 25 
2221 58 25 34 49 
2222 57 98 6 69 
2223 45 72 88 42 
2224 64 92 6 0 
2225 64 93 1 77 
2226 58 48 59 83 
2227 93 26 50 15 
2228 18 57 47 2 
2229 77 36 46 71 
2230 30 60 89 79 
2231 93 20 3 68 
2232 75 81 58 47 
2233 33 63 36 6 
2234 49 31 77 97 
2235 30 94 33 45 
2236 30 40 83 4 
2237 37 78 51 83 
2238 2 10 10 63 
2239 65 37 80 52 
2240 18 3 29 11 
2241 24 85 74 29 
2242 94 40 39 75 
2243 17 17 39 95 
2244 40 37 25 6 
2245 14 79 37 34 
2246 49 24 36 39 
2247 70 91 18 43 
2248 23 21 87 3 
2249 19 81 21 76 
2250 77 14 53 39 
2251 17 20 39 50 
2252 20 71 33 97 
2253 69 18 14 21 
2254 4 5 71 47 
2255 72 29 0 0 
2256 56 20 7 17 
2257 2 76 70 3 
2258 76 24 15 71 
2259 3 34 63 53 
2260 61 31 30 65 
2261 39 52 10 32 
2262 66 15 54 27 
2263 92 2 63 18 
2264 74 25 3 77 
2265 40 58 70 22 
2266 63 90 69 40 
2267 79 62 49 64 
2268 20 83 18 15 
2269 16 76 58 82 
2270 26 79 10 22 
2271 2 9 74 82 
2272 74 38 92 35 
2273 9 96 12 27 
2274 39 58 47 80 
2275 17 51 20 34 
2276 51 89 31 50 
2277 91 15 45 58 
2278 33 41 80 88 
2279 14 12 46 61 
2280 15 48 6 39 
2281 58 95 30 54 
2282 23 95 79 10 
2283 19 67 17 75 
2284 79 67 37 19 
2285 62 61 99 73 
2286 26 76 61 46 
2287 69 87 42 67 
2288 37 25 58 82 
2289 1 2 28 20 
2290 46 89 27 28 
2291 74 43 14 24 
2292 89 38 8 4 
2293 46 2 2 90 
2294 66 17 73 59 
2295 89 5 92 79 
2296 44 35 40 31 
2297 60 96 22 39 
2298 53 8 32 84 
2299 86 84 97 67 
2300 63 18 61 84 
2301 32 55 48 72 
2302 37 34 3 2 
2303 42 19 33 61 
2304 82 86 55 49 
2305 38 44 60 95 
2306 41 13 14 87 
2307 43 63 43 71 
2308 36 83 55 32 
2309 61 85 53 79 
2310 97 63 54 74 
2311 33 87 10 24 
2312 60 49 83 74 
2313 69 71 77 22 
2314 75 9 88 85 
2315 45 35 35 77 
2316 2 63 3 74 
2317 20 76 42 34 
2318 80 19 71 10 
2319 68 38 74 54 
2320 13 93 2 9 
2321 4 39 85 18 
2322 49 59 80 11 
2323 80 97 9 24 
2324 28 71 19 73 
2325 73 97 67 82 
2326 34 24 11 64 
2327 79 58 36 37 
2328 24 11 70 44 
2329 72 43 82 3 
2330 42 61 53 11 
2331 93 65 33 1 
2332 71 88 39 59 
2333 20 99 13 53 
2334 91 90 55 97 
2335 54 0 92 43 
2336 75 84 72 50 
2337 48 97 5 27 
2338 14 23 89 0 
2339 73 30 22 76 
2340 87 75 69 77 
2341 70 57 70 21 
2342 22 33 5 29 
2343 56 16 95 42 
2344 67 17 48 69 
2345 12 61 53 13 
2346 8 10 6 11 
2347 97 21 63 98 
2348 13 8 32 46 
2349 48 23 24 94 
2350 95 32 61 15 
2351 66 12 52 54 
2352 7 39 18 33 
2353 50 85 95 24 
2354 13 2 18 11 
2355 4 49 55 90 
2356 4 91 76 84 
2357 50 20 80 30 
2358 60 99 88 3 
2359 98 94 86 76 
2360 26 91 4 45 
2361 5 65 23 82 
2362 23 44 87 42 
2363 84 12 56 44 
2364 18 3 61 18 
2365 44 96 63 96 
2366 49 96 19 23 
2367 37 61 20 19 
2368 30 10 42 42 
2369 83 65 53 76 
2370 57 29 28 93 
2371 6 53 82 22 
2372 67 44 91 76 
2373 68 89 45 52 
2374 32 86 88 77 
2375 36 16 37 88 
2376 31 82 16 22 
2377 25 20 27 62 
2378 75 5 44 2 
2379 79 67 10 9 
2380 27 82 23 39 
2381 12 71 77 18 
2382 30 58 14 60 
2383 5 59 36 97 
2384 41 33 24 85 
2385 64 82 19 88 
2386 22 59 17 79 
2387 28 31 5 56 
2388 3 9 77 90 
2389 23 66 79 38 
2390 43 89 14 61 
2391 76 79 7 94 
2392 21 31 96 90 
2393 84 46 31 58 
2394 41 69 48 10 
2395 1 15 82 36 
2396 28 86 83 85 
2397 21 62 32 52 
2398 54 18 54 71 
2399 82 46 4 6 
2400 95 84 56 8 
2401 46 68 46 13 
2402 57 46 7 72 
2403 24 23 75 4 
2404 20 92 38 77 
2405 26 48 52 99 
2406 7 64 7 12 
2407 70 46 71 13 
2408 81 51 0 89 
2409 65 7 15 68 
2410 84 63 50 60 
2411 55 77 1 83 
2412 82 15 97 63 
2413 90 7 65 7 
2414 35 83 48 66 
2415 98 25 98 35 
2416 65 73 34 9 
2417 9 37 47 69 
2418 34 74 66 77 
2419 82 52 29 27 
2420 45 83 22 95 
2421 33 83 91 47 
2422 87 40 93 51 
2423 25 30 66 10 
2424 36 8 85 45 
2425 28 26 38 4 
2426 15 28 39 58 
2427 42 87 74 91 
2428 32 65 24 94 
2429 52 72 75 9 
2430 15 8 72 68 
2431 78 57 0 29 
2432 89 77 60 58 
2433 93 64 33 7 
2434 24 61 59 77 
2435 84 21 9 75 
2436 31 34 44 23 
2437 8 51 61 68 
2438 32 75 36 24 
2439 71 37 34 23 
2440 92 17 56 81 
2441 6 30 18 94 
2442 86 52 34 91 
2443 51 43 94 54 
2444 35 84 34 11 
2445 29 70 88 49 
2446 5 37 4 33 
2447 72 54 89 89 
2448 92 92 40 14 
2449 29 8 82 15 
2450 16 54 10 42 
2451 92 15 74 26 
2452 57 39 8 17 
2453 36 8 7 39 
2454 60 54 10 14 
2455 93 65 80 41 
2456 62 47 7 87 
2457 1 14 12 70 
2458 65 28 79 48 
2459 76 45 80 4 
2460 6 7 38 70 
2461 13 49 28 6 
2462 73 45 10 90 
2463 37 75 23 69 
2464 73 60 48 89 
2465 17 49 10 35 
2466 68 45 63 73 
2467 12 89 27 68 
2468 93 91 41 67 
2469 5 77 88 13 
2470 41 80 68 27 
2471 90 79 83 40 
2472 64 62 14 8 
2473 55 94 53 95 
2474 55 89 97 16 
2475 73 96 7 76 
2476 43 10 39 63 
2477 5 92 97 19 
2478 72 72 31 91 
2479 51 91 78 63 
2480 62 17 91 60 
2481 74 36 62 97 
2482 82 87 53 79 
2483 57 70 93 31 
2484 96 99 77 24 
2485 31 32 53 86 
2486 89 90 73 9 
2487 16 95 53 24 
2488 35 40 41 77 
2489 68 87 29 28 
2490 73 53 13 61 
2491 23 39 21 10 
2492 5 92 98 15 
2493 63 54 25 55 
2494 91 66 77 37 
2495 9 54 53 14 
2496 85 72 0 84 
2497 92 68 13 56 
2498 67 77 6 28 
2499 79 21 78 92 
2500 42 85 76 29 
2501 77 17 43 38 
2502 22 7 58 28 
2503 39 83 79 1 
2504 9 73 46 78 
2505 29 69 37 73 
2506 3 96 34 89 
2507 93 97 81 39 
2508 5 31 61 20 
2509 76 61 10 61 
2510 67 24 7 33 
2511 21 78 2 90 
2512 58 91 65 93 
2513 39 17 46 23 
2514 10 53 2 76 
2515 99 76 83 78 
2516 84 49 3 24 
2517 85 40 26 69 
2518 5 19 89 28 
2519 29 95 72 12 
2520 55 53 49 62 
2521 82 13 8 34 
2522 95 47 66 36 
2523 43 88 46 24 
2524 6 29 28 65 
2525 80 31 48 35 
2526 78 44 59 51 
2527 24 33 37 13 
2528 42 35 95 57 
2529 84 22 69 43 
2530 23 21 71 29 
2531 82 55 97 44 
2532 8 28 8 12 
2533 40 57 81 96 
2534 33 85 13 96 
2535 25 21 32 3 
2536 94 7 94 33 
2537 90 19 1 55 
2538 74 25 40 15 
2539 35 7 80 17 
2540 89 72 65 78 
2541 27 31 5 67 
2542 35 87 23 4 
2543 31 66 14 27 
2544 91 76 47 95 
2545 84 47 8 92 
2546 12 59 88 93 
2547 8 2 65 33 
2548 22 7 13 8 
2549 66 97 63 91 
2550 84 50 27 20 
2551 7 70 1 7 
2552 76 60 19 26 
2553 52 16 61 68 
2554 78 7 27 71 
2555 86 69 94 41 
2556 49 29 29 64 
2557 13 32 16 78 
2558 88 77 59 37 
2559 85 51 92 71 
2560 90 39 56 39 
2561 4 10 39 29 
2562 42 67 72 67 
2563 49 3 95 23 
2564 12 38 10 41 
2565 91 5 77 14 
2566 94 51 77 45 
2567 62 70 43 74 
2568 90 53 99 10 
2569 74 23 80 90 
2570 7 17 32 25 
2571 13 4 66 98 
2572 48 35 60 43 
2573 20 16 77 91 
2574 83 69 30 5 
2575 68 93 17 24 
2576 28 2 54 20 
2577 93 97 82 27 
2578 75 73 39 85 
2579 85 5 43 29 
2580 60 79 62 22 
2581 10 9 15 12 
2582 28 64 45 12 
2583 44 52 51 87 
2584 43 58 78 51 
2585 59 59 90 68 
2586 72 72 57 80 
2587 17 88 57 82 
2588 96 19 48 10 
2589 19 80 85 43 
2590 83 0 64 49 
2591 70 64 8 22 
2592 10 35 67 29 
2593 2 65 9 50 
2594 18 90 65 65 
2595 23 9 94 38 
2596 42 16 73 61 
2597 18 66 55 99 
2598 10 21 90 12 
2599 81 49 46 59 
2600 1 34 54 92 
2601 67 45 44 85 
2602 2 34 94 90 
2603 75 60 3 25 
2604 26 91 26 81 
2605 17 85 10 28 
2606 29 18 90 73 
2607 35 3 99 33 
2608 23 23 84 45 
2609 73 11 12 70 
2610 62 67 22 40 
2611 4 42 48 99 
2612 75 92 79 49 
2613 65 4 61 32 
2614 12 76 22 14 
2615 70 9 64 37 
2616 47 64 11 1 
2617 86 27 84 83 
2618 96 73 84 22 
2619 79 60 17 26 
2620 47 92 34 59 
2621 14 71 4 98 
2622 22 40 58 51 
2623 28 78 68 98 
2624 59 34 46 81 
2625 3 96 38 84 
2626 25 90 47 61 
2627 11 42 57 2 
2628 29 45 53 90 
2629 18 7 10 11 
2630 8 82 83 6 
2631 26 84 42 71 
2632 82 39 24 71 
2633 40 24 32 56 
2634 40 94 9 37 
2635 66 50 44 44 
2636 88 93 73 95 
2637 16 58 90 80 
2638 64 74 60 47 
2639 62 70 54 48 
2640 0 22 41 94 
2641 49 59 94 63 
2642 17 33 13 53 
2643 4 49 27 93 
2644 67 64 97 55 
2645 52 76 7 95 
2646 87 21 5 37 
2647 11 74 96 88 
2648 71 97 5 51 
2649 6 61 97 90 
2650 69 74 49 86 
2651 83 27 81 36 
2652 25 95 23 73 
2653 99 7 51 94 
2654 92 25 68 62 
2655 69 14 70 13 
2656 56 2 22 42 
2657 42 94 59 5 
2658 12 50 7 24 
2659 50 80 43 38 
2660 1 50 39 43 
2661 84 47 0 3 
2662 87 37 94 47 
2663 5 63 32 58 
2664 0 72 89 85 
2665 86 86 67 99 
2666 3 26 89 45 
2667 94 49 32 17 
2668 36 49 89 98 
2669 46 60 94 64 
2670 40 18 29 64 
2671 70 93 96 40 
2672 81 12 92 63 
2673 26 11 3 81 
2674 13 22 49 49 
2675 90 34 71 80 
2676 80 40 81 47 
2677 72 52 24 77 
2678 50 65 28 37 
2679 18 29 81 47 
2680 77 46 15 79 
2681 17 55 58 73 
2682 27 60 62 77 
2683 33 70 88 56 
2684 48 37 97 0 
2685 54 5 22 91 
2686 34 95 71 80 
2687 10 34 6 86 
2688 99 90 3 26 
2689 75 57 21 48 
2690 41 50 35 91 
2691 51 7 77 49 
2692 14 42 67 26 
2693 31 69 45 22 
2694 39 59 26 77 
2695 32 86 22 55 
2696 20 70 66 74 
2697 50 8 40 93 
2698 66 34 5 63 
2699 81 67 32 64 
2700 21 68 69 97 
2701 42 87 44 13 
2702 51 0 25 88 
2703 44 9 20 38 
2704 76 44 16 67 
2705 53 28 62 79 
2706 52 29 42 76 
2707 87 76 25 1 
2708 64 17 24 58 
2709 89 56 73 3 
2710 20 58 3 88 
2711 73 81 69 80 
2712 1 65 82 6 
2713 31 41 32 29 
2714 21 42 5 10 
2715 87 40 77 61 
2716 89 58 9 25 
2717 5 70 93 24 
2718 39 57 16 19 
2719 3 93 97 18 
2720 44 13 94 53 
2721 68 46 23 26 
2722 81 0 29 50 
2723 33 62 1 26 
2724 33 6 80 16 
2725 44 17 83 54 
2726 65 79 76 99 
2727 96 14 76 64 
2728 16 67 93 65 
2729 13 34 33 16 
2730 35 85 80 66 
2731 51 3 56 94 
2732 31 30 17 61 
2733 44 94 99 0 
2734 85 62 47 79 
2735 1 34 28 67 
2736 72 78 7 88 
2737 92 44 44 13 
2738 17 24 92 87 
2739 59 46 26 72 
2740 80 47 59 99 
2741 56 71 18 27 
2742 84 92 25 53 
2743 60 72 10 52 
2744 11 22 1 52 
2745 72 12 0 67 
2746 71 48 42 14 
2747 57 85 60 86 
2748 0 65 45 53 
2749 90 95 25 23 
2750 59 75 65 99 
2751 80 19 83 16 
2752 18 0 70 74 
2753 17 77 27 61 
2754 96 64 97 78 
2755 38 50 39 68 
2756 1 1 53 64 
2757 16 50 63 14 
2758 68 25 94 33 
2759 52 89 76 94 
2760 5 42 48 31 
2761 66 71 9 46 
2762 90 14 18 71 
2763 43 78 4 15 
2764 39 58 86 55 
2765 97 13 47 8 
2766 54 34 62 98 
2767 26 26 67 7 
2768 25 42 96 65 
2769 54 22 18 92 
2770 33 90 51 38 
2771 56 1 37 11 
2772 4 63 76 86 
2773 44 67 37 54 
2774 64 17 52 84 
2775 60 62 6 93 
2776 70 65 56 6 
2777 32 71 91 62 
2778 95 39 44 43 
2779 34 49 17 20 
2780 24 42 33 71 
2781 92 5 60 14 
2782 89 84 7 50 
2783 94 27 58 20 
2784 72 27 72 21 
2785 98 17 24 28 
2786 49 66 81 0 
2787 85 73 73 67 
2788 65 1 57 72 
2789 72 89 0 59 
2790 82 69 88 50 
2791 20 64 66 96 
2792 86 48 17 31 
2793 37 43 20 43 
2794 25 98 45 70 
2795 89 6 37 26 
2796 91 43 37 66 
2797 18 18 6 13 
2798 74 82 42 79 
2799 63 24 59 77 
2800 72 80 43 74 
2801 13 5 53 43 
2802 2 89 54 75 
2803 24 18 23 9 
2804 98 67 91 12 
2805 42 17 51 80 
2806 50 3 16 7 
2807 94 64 69 25 
2808 45 2 40 92 
2809 53 70 89 97 
2810 41 2 51 92 
2811 93 88 91 36 
2812 57 6 31 11 
2813 54 57 64 16 
2814 46 31 1 96 
2815 40 61 85 30 
2816 18 18 23 16 
2817 27 88 8 20 
2818 61 97 80 56 
2819 53 62 3 31 
2820 78 8 97 97 
2821 3 3 16 24 
2822 19 95 92 96 
2823 78 26 34 96 
2824 1 53 80 42 
2825 42 58 95 65 
2826 96 49 76 39 
2827 49 55 38 34 
2828 22 75 51 17 
2829 65 4 65 66 
2830 49 70 85 15 
2831 13 79 40 45 
2832 26 55 33 86 
2833 4 37 51 17 
2834 6 22 94 53 
2835 94 28 58 42 
2836 93 74 51 27 
2837 28 64 30 84 
2838 64 73 8 17 
2839 51 74 25 66 
2840 4 28 9 74 
2841 18 32 33 20 
2842 4 12 86 99 
2843 76 34 51 72 
2844 11 2 31 2 
2845 50 72 13 54 
2846 92 42 20 22 
2847 74 38 11 8 
2848 48 70 5 32 
2849 92 28 92 6 
2850 22 6 48 77 
2851 10 53 19 61 
2852 35 86 89 90 
2853 48 0 29 82 
2854 92 55 89 62 
2855 30 63 54 32 
2856 3 7 45 92 
2857 92 61 4 9 
2858 85 16 71 69 
2859 64 29 83 78 
2860 53 63 54 41 
2861 36 51 79 34 
2862 0 98 12 10 
2863 41 76 82 87 
2864 20 18 90 64 
2865 75 1 26 73 
2866 7 41 4 18 
2867 65 86 50 1 
2868 54 63 74 45 
2869 43 12 2 60 
2870 87 20 98 61 
2871 69 54 48 45 
2872 80 36 9 36 
2873 55 91 15 0 
2874 24 61 1 71 
2875 65 42 50 38 
2876 77 40 95 85 
2877 32 81 75 77 
2878 39 52 41 45 
2879 44 57 23 10 
2880 27 93 73 90 
2881 41 64 11 26 
2882 97 45 27 85 
2883 88 54 52 30 
2884 29 14 85 15 
2885 71 91 27 4 
2886 23 22 95 94 
2887 11 72 7 72 
2888 72 88 88 69 
2889 5 68 85 68 
2890 56 23 41 5 
2891 54 62 44 49 
2892 41 51 97 58 
2893 92 42 95 36 
2894 57 34 1 85 
2895 42 99 40 99 
2896 75 69 91 90 
2897 19 71 60 87 
2898 54 87 66 31 
2899 71 0 80 78 
2900 55 3 98 71 
2901 94 5 11 38 
2902 59 28 63 67 
2903 61 25 32 37 
2904 67 6 88 26 
2905 76 67 63 74 
2906 38 47 31 82 
2907 18 45 42 48 
2908 55 47 16 20 
2909 35 33 28 42 
2910 83 46 33 66 
2911 94 45 44 83 
2912 91 43 9 70 
2913 79 25 55 35 
2914 16 80 85 34 
2915 35 38 59 73 
2916 60 37 15 75 
2917 96 51 52 78 
2918 61 78 5 42 
2919 49 3 64 83 
2920 83 15 79 51 
2921 27 48 55 59 
2922 22 49 96 60 
2923 73 0 1 48 
2924 45 47 58 79 
2925 22 68 39 82 
2926 7 91 73 34 
2927 80 0 93 92 
2928 22 1 9 12 
2929 62 77 85 19 
2930 14 48 5 19 
2931 15 98 15 20 
2932 13 37 45 49 
2933 89 97 13 4 
2934 0 44 46 60 
2935 79 29 86 21 
2936 80 89 80 16 
2937 82 45 43 60 
2938 15 47 36 98 
2939 37 9 33 11 
2940 77 41 63 80 
2941 15 98 76 42 
2942 70 65 49 82 
2943 46 6 62 22 
2944 4 77 94 26 
2945 23 31 8 55 
2946 47 10 40 17 
2947 63 54 99 91 
2948 69 60 11 11 
2949 51 46 86 30 
2950 19 63 26 73 
2951 29 36 40 89 
2952 67 25 32 80 
2953 64 7 81 23 
2954 30 74 3 23 
2955 63 13 3 44 
2956 59 93 22 55 
2957 19 20 71 93 
2958 47 31 58 82 
2959 46 28 52 61 
2960 46 25 66 37 
2961 10 61 82 40 
2962 57 76 66 59 
2963 26 88 89 34 
2964 61 29 45 54 
2965 95 88 10 17 
2966 55 76 9 88 
2967 18 15 55 82 
2968 95 82 74 0 
2969 78 65 34 63 
2970 51 30 62 99 
2971 2 82 57 53 
2972 85 9 91 33 
2973 89 59 68 93 
2974 38 14 55 68 
2975 35 47 77 99 
2976 2 4 14 92 
2977 57 5 80 73 
2978 29 5 4 49 
2979 60 71 75 66 
2980 11 57 94 40 
2981 53 49 72 24 
2982 78 58 79 95 
2983 95 99 73 51 
2984 40 87 75 82 
2985 74 10 19 69 
2986 68 59 20 62 
2987 39 96 9 48 
2988 78 84 24 10 
2989 50 19 43 42 
2990 5 21 99 38 
2991 21 65 81 54 
2992 82 0 30 95 
2993 28 11 95 23 
2994 41 33 65 39 
2995 47 93 50 5 
2996 22 0 63 68 
2997 70 93 71 97 
2998 59 72 98 27 
2999 36 56 59 88 
3000 43 70 66 12 
3001 21 94 11 21 
3002 35 19 78 85 
3003 98 47 0 5 
3004 22 65 42 87 
3005 91 78 7 57 
3006 56 9 19 13 
3007 29 37 57 62 
3008 3 60 57 26 
3009 59 16 30 80 
3010 85 33 57 47 
3011 82 58 36 37 
3012 15 3 50 45 
3013 90 67 5 90 
3014 42 92 79 83 
3015 92 9 53 99 
3016 64 6 89 49 
3017 64 25 60 5 
3018 82 82 83 49 
3019 41 97 57 50 
3020 55 89 93 77 
3021 80 22 71 96 
3022 24 20 65 92 
3023 70 6 83 18 
3024 67 91 84 44 
3025 49 42 45 67 
3026 1 28 50 25 
3027 78 86 60 14 
3028 64 50 12 59 
3029 17 78 3 97 
3030 22 7 45 32 
3031 45 23 32 47 
3032 60 81 15 23 
3033 38 62 0 61 
3034 35 37 36 54 
3035 71 94 97 44 
3036 27 82 47 57 
3037 98 3 21 62 
3038 45 84 64 87 
3039 52 4 16 28 
3040 49 64 4 53 
3041 37 1 21 76 
3042 93 31 26 46 
3043 39 6 98 56 
3044 94 74 8 22 
3045 25 5 66 66 
3046 34 63 54 38 
3047 76 97 1 54 
3048 45 3 76 98 
3049 2 95 61 69 
3050 52 3 4 32 
3051 40 6 28 83 
3052 14 4 42 96 
3053 56 79 27 21 
3054 38 18 89 68 
3055 9 87 64 86 
3056 94 17 56 25 
3057 47 9 36 99 
3058 55 54 93 88 
3059 22 77 24 7 
3060 7 44 0 31 
3061 93 25 48 31 
3062 29 23 45 97 
3063 62 57 90 40 
3064 52 64 82 85 
3065 7 7 7 36 
3066 63 32 66 57 
3067 23 52 10 29 
3068 52 69 58 32 
3069 75 14 36 95 
3070 2 55 88 50 
3071 50 87 58 2 
3072 28 11 40 94 
3073 74 51 46 96 
3074 91 75 12 82 
3075 71 7 9 95 
3076 31 97 48 23 
3077 67 73 81 3 
3078 22 56 64 42 
3079 96 45 53 78 
3080 67 64 40 4 
3081 12 21 48 16 
3082 65 26 81 82 
3083 41 88 49 60 
3084 76 15 96 70 
3085 85 48 25 16 
3086 68 15 66 90 
3087 99 59 78 8 
3088 6 44 31 41 
3089 65 48 44 8 
3090 41 60 64 82 
3091 53 25 33 1 
3092 18 87 24 56 
3093 33 36 20 38 
3094 69 79 69 55 
3095 82 88 8 4 
3096 32 3 21 15 
3097 11 58 23 90 
3098 69 87 60 32 
3099 71 74 26 98 
3100 29 48 50 8 
3101 67 38 14 86 
3102 79 88 78 87 
3103 49 72 87 39 
3104 82 55 41 7 
3105 66 5 47 66 
3106 45 91 28 13 
3107 66 64 17 84 
3108 3 48 87 59 
3109 49 84 62 56 
3110 62 70 11 94 
3111 88 60 87 92 
3112 68 80 64 29 
3113 31 98 18 35 
3114 61 13 6 2 
3115 66 39 70 96 
3116 49 4 83 32 
3117 4 42 39 84 
3118 30 6 64 44 
3119 61 68 60 86 
3120 19 30 0 41 
3121 0 5 77 52 
3122 78 54 56 17 
3123 69 41 19 98 
3124 3 25 36 50 
3125 16 42 7 47 
3126 46 9 6 90 
3127 90 96 72 63 
3128 14 9 85 96 
3129 58 15 99 30 
3130 2 96 30 56 
3131 94 88 43 16 
3132 71 52 63 90 
3133 26 62 19 81 
3134 85 95 59 42 
3135 66 50 97 84 
3136 14 43 5 78 
3137 38 36 26 32 
3138 38 86 99 35 
3139 89 4 19 51 
3140 68 2 78 92 
3141 91 68 94 57 
3142 77 84 37 66 
3143 10 22 41 96 
3144 30 42 19 75 
3145 13 97 81 46 
3146 40 71 39 96 
3147 57 60 23 25 
3148 52 2 36 51 
3149 69 99 73 70 
3150 7 20 46 3 
3151 80 46 36 42 
3152 3 36 10 28 
3153 5 27 61 26 
3154 45 64 68 69 
3155 99 19 37 0 
3156 4 15 34 81 
3157 90 53 8 91 
3158 78 66 34 40 
3159 4 95 67 68 
3160 0 43 96 68 
3161 4 48 87 97 
3162 80 40 67 8 
3163 11 35 41 15 
3164 34 8 11 76 
3165 82 23 25 25 
3166 97 71 45 14 
3167 64 7 12 81 
3168 58 47 20 63 
3169 15 15 34 62 
3170 89 40 0 49 
3171 10 29 28 5 
3172 46 38 95 93 
3173 11 87 65 90 
3174 36 61 3 25 
3175 0 35 16 88 
3176 64 39 20 36 
3177 68 5 14 53 
3178 26 14 38 31 
3179 45 14 71 80 
3180 85 65 93 70 
3181 50 63 61 31 
3182 61 99 62 77 
3183 3 86 12 68 
3184 70 22 71 21 
3185 79 68 7 86 
3186 67 2 96 66 
3187 44 17 3 6 
3188 95 20 78 2 
3189 34 94 69 89 
3190 4 48 55 37 
3191 45 47 23 88 
3192 32 66 68 62 
3193 67 30 15 69 
3194 91 31 99 93 
3195 86 60 27 48 
3196 26 9 92 45 
3197 52 9 72 30 
3198 8 76 30 67 
3199 56 0 29 44 
3200 55 36 63 45 
3201 14 98 24 80 
3202 75 83 13 57 
3203 0 25 28 9 
3204 1 39 72 84 
3205 52 45 81 17 
3206 43 96 10 82 
3207 17 1 45 36 
3208 8 50 80 66 
3209 14 1 80 37 
3210 89 58 4 82 
3211 1 34 24 31 
3212 93 4 28 27 
3213 42 82 27 20 
3214 74 58 53 42 
3215 93 76 36 88 
3216 62 69 72 28 
3217 68 49 44 3 
3218 86 38 42 74 
3219 73 87 76 89 
3220 62 47 71 72 
3221 76 8 76 22 
3222 91 14 42 74 
3223 50 61 95 91 
3224 86 36 59 94 
3225 0 14 89 90 
3226 69 14 31 68 
3227 25 2 20 77 
3228 92 11 49 91 
3229 80 25 6 12 
3230 21 74 30 99 
3231 2 6 43 30 
3232 65 46 21 47 
3233 99 58 39 82 
3234 11 74 44 2 
3235 44 22 6 86 
3236 14 53 55 72 
3237 2 13 64 71 
3238 18 74 62 63 
3239 19 76 81 58 
3240 79 83 60 20 
3241 92 45 60 47 
3242 25 7 34 3 
3243 53 68 51 96 
3244 79 58 9 0 
3245 12 57 64 11 
3246 57 42 44 82 
3247 29 85 19 9 
3248 42 57 61 82 
3249 29 57 91 86 
3250 44 40 6 43 
3251 43 0 55 44 
3252 12 72 48 32 
3253 43 76 16 28 
3254 98 40 39 78 
3255 85 14 21 37 
3256 78 78 27 97 
3257 18 31 96 60 
3258 86 81 69 74 
3259 29 76 24 94 
3260 5 98 13 8 
3261 90 37 18 95 
3262 46 11 58 79 
3263 22 40 73 10 
3264 88 99 17 81 
3265 73 54 24 26 
3266 53 33 19 21 
3267 40 76 38 11 
3268 39 43 61 83 
3269 44 65 52 19 
3270 75 37 67 5 
3271 40 56 81 92 
3272 80 24 10 5 
3273 15 38 85 48 
3274 55 97 5 21 
3275 83 36 87 77 
3276 54 58 50 4 
3277 51 71 17 36 
3278 92 59 4 58 
3279 92 31 44 12 
3280 61 84 24 70 
3281 15 91 85 13 
3282 91 0 65 62 
3283 32 56 39 14 
3284 97 88 81 14 
3285 2 58 3 10 
3286 13 84 24 36 
3287 26 56 76 33 
3288 35 40 95 53 
3289 79 91 85 44 
3290 92 14 92 4 
3291 97 70 22 29 
3292 66 85 60 72 
3293 86 88 25 19 
3294 60 75 75 66 
3295 90 22 11 25 
3296 40 1 61 92 
3297 79 43 11 61 
3298 14 76 37 71 
3299 75 36 36 42 
3300 1 40 88 51 
3301 51 62 24 93 
3302 43 91 43 11 
3303 71 41 32 45 
3304 28 8 51 5 
3305 79 16 11 17 
3306 39 45 92 16 
3307 37 18 87 83 
3308 9 0 72 83 
3309 96 19 30 24 
3310 12 2 64 81 
3311 77 4 33 17 
3312 16 99 85 81 
3313 95 45 60 95 
3314 86 99 82 43 
3315 48 17 12 97 
3316 81 99 25 6 
3317 43 2 77 7 
3318 22 7 6 54 
3319 29 56 77 86 
3320 1 15 94 36 
3321 38 35 7 23 
3322 57 87 77 7 
3323 67 27 47 11 
3324 20 54 0 35 
3325 7 67 95 49 
3326 45 3 55 36 
3327 8 26 10 90 
3328 83 56 41 83 
3329 60 36 31 58 
3330 24 41 84 9 
3331 85 37 2 20 
3332 34 10 72 25 
3333 69 72 47 19 
3334 59 11 68 53 
3335 5 92 39 49 
3336 79 44 37 56 
3337 97 71 87 27 
3338 32 49 10 16 
3339 73 96 17 1 
3340 29 41 74 42 
3341 0 68 11 77 
3342 68 79 75 70 
3343 9 49 37 8 
3344 30 38 61 24 
3345 77 87 94 22 
3346 92 8 56 61 
3347 39 25 66 4 
3348 95 67 66 74 
3349 51 49 35 65 
3350 17 13 94 73 
3351 75 19 91 76 
3352 94 4 85 25 
3353 53 15 59 43 
3354 69 42 25 12 
3355 63 53 90 16 
3356 50 84 69 20 
3357 43 89 71 56 
3358 21 73 41 74 
3359 26 85 24 64 
3360 75 66 81 49 
3361 44 51 74 35 
3362 64 82 42 41 
3363 66 79 76 96 
3364 27 93 96 32 
3365 31 70 74 6 
3366 13 21 77 85 
3367 95 10 48 87 
3368 9 21 93 37 
3369 36 88 74 99 
3370 83 3 52 87 
3371 17 50 10 52 
3372 46 58 19 60 
3373 38 93 24 14 
3374 88 59 64 32 
3375 30 16 81 59 
3376 30 69 38 81 
3377 32 80 62 80 
3378 35 35 48 37 
3379 25 61 66 22 
3380 86 63 25 69 
3381 12 11 18 47 
3382 5 67 47 97 
3383 31 95 4 42 
3384 6 74 77 69 
3385 60 80 76 64 
3386 76 37 95 23 
3387 41 83 91 20 
3388 58 16 59 97 
3389 40 11 49 76 
3390 59 81 17 33 
3391 21 81 86 42 
3392 72 78 26 29 
3393 9 55 64 24 
3394 61 15 0 66 
3395 25 81 82 36 
3396 22 90 92 7 
3397 34 67 52 78 
3398 9 48 22 54 
3399 25 35 63 20 
3400 9 93 62 10 
3401 37 71 80 8 
3402 7 72 45 68 
3403 30 6 26 38 
3404 16 7 12 50 
3405 23 98 44 6 
3406 58 32 73 30 
3407 81 51 56 1 
3408 73 59 4 16 
3409 83 37 11 53 
3410 10 10 67 39 
3411 87 79 32 85 
3412 67 62 54 41 
3413 23 37 89 32 
3414 1 85 79 2 
3415 68 28 81 49 
3416 93 28 14 48 
3417 16 70 36 96 
3418 55 61 34 75 
3419 7 70 21 18 
3420 98 59 20 43 
3421 79 6 21 63 
3422 81 68 58 0 
3423 63 75 76 62 
3424 30 2 32 14 
3425 38 38 20 81 
3426 30 11 11 55 
3427 25 41 39 61 
3428 20 62 76 91 
3429 56 92 40 51 
3430 58 5 59 42 
3431 61 18 48 16 
3432 13 31 7 84 
3433 15 82 98 2 
3434 56 61 67 70 
3435 44 24 95 35 
3436 43 52 93 61 
3437 84 40 76 73 
3438 95 15 55 15 
3439 13 59 31 66 
3440 54 17 98 71 
3441 19 10 24 49 
3442 65 54 2 15 
3443 72 29 7 56 
3444 16 54 51 38 
3445 43 96 36 8 
3446 24 82 80 72 
3447 71 58 8 77 
3448 23 12 35 16 
3449 48 90 10 7 
3450 82 30 42 91 
3451 77 25 76 30 
3452 36 48 86 40 
3453 75 92 94 41 
3454 26 69 16 65 
3455 74 26 36 12 
3456 36 2 74 17 
3457 75 14 7 24 
3458 10 8 87 81 
3459 12 23 22 23 
3460 76 94 48 33 
3461 0 28 67 64 
3462 26 27 9 80 
3463 93 47 31 25 
3464 64 99 24 49 
3465 10 29 98 9 
3466 47 53 9 46 
3467 1 48 9 27 
3468 48 43 40 90 
3469 4 52 57 31 
3470 78 6 33 83 
3471 17 31 60 58 
3472 17 5 13 54 
3473 47 30 60 28 
3474 5 0 6 18 
3475 68 50 41 50 
3476 31 6 90 17 
3477 88 59 56 96 
3478 50 57 18 58 
3479 94 70 78 36 
3480 28 37 54 0 
3481 27 79 22 95 
3482 44 77 92 31 
3483 50 35 28 12 
3484 1 43 83 88 
3485 40 55 43 92 
3486 30 58 13 8 
3487 4 24 42 2 
3488 38 77 32 96 
3489 57 67 60 49 
3490 78 77 11 30 
3491 87 34 92 35 
3492 22 17 20 76 
3493 63 92 26 63 
3494 27 16 6 16 
3495 81 75 24 53 
3496 8 9 26 7 
3497 46 52 65 36 
3498 51 45 42 61 
3499 72 23 79 34 
3500 10 25 33 91 
3501 12 0 94 63 
3502 72 27 59 16 
3503 76 21 43 10 
3504 68 11 40 83 
3505 92 36 48 55 
3506 72 43 38 32 
3507 47 70 85 3 
3508 97 17 18 5 
3509 56 71 88 70 
3510 71 47 17 53 
3511 81 97 19 91 
3512 47 20 10 96 
3513 2 81 97 1 
3514 59 32 49 56 
3515 89 69 62 55 
3516 97 77 4 7 
3517 84 53 45 10 
3518 5 7 62 2 
3519 6 40 18 49 
3520 29 89 95 47 
3521 91 14 87 35 
3522 93 32 86 83 
3523 72 81 94 87 
3524 17 46 80 20 
3525 24 90 23 91 
3526 35 76 69 44 
3527 49 4 32 51 
3528 97 21 46 17 
3529 25 44 14 10 
3530 47 31 2 36 
3531 22 61 73 21 
3532 86 12 1 74 
3533 95 62 4 26 
3534 1 60 81 9 
3535 53 83 32 90 
3536 2 37 95 46 
3537 28 45 13 11 
3538 32 36 4 51 
3539 48 25 49 98 
3540 26 93 9 61 
3541 48 6 76 11 
3542 47 68 60 38 
3543 59 76 25 40 
3544 3 11 59 17 
3545 16 68 16 55 
3546 60 78 99 83 
3547 12 41 39 31 
3548 30 11 33 53 
3549 29 39 3 28 
3550 39 82 97 7 
3551 35 11 51 64 
3552 19 66 30 80 
3553 26 32 75 28 
3554 8 92 68 5 
3555 19 98 61 16 
3556 24 55 11 8 
3557 29 11 76 58 
3558 75 92 3 92 
3559 2 20 62 75 
3560 18 77 40 16 
3561 79 47 50 78 
3562 70 63 99 27 
3563 84 96 31 82 
3564 87 79 2 86 
3565 12 88 62 54 
3566 22 42 99 25 
3567 54 67 7 37 
3568 92 49 78 3 
3569 74 30 57 1 
3570 89 89 56 54 
3571 60 90 20 74 
3572 12 74 64 1 
3573 66 59 32 19 
3574 80 15 81 33 
3575 10 76 58 39 
3576 35 17 29 72 
3577 71 24 69 93 
3578 2 26 36 89 
3579 38 35 71 53 
3580 68 13 75 91 
3581 58 55 67 63 
3582 85 77 81 18 
3583 27 93 63 39 
3584 59 29 22 5 
3585 62 27 93 46 
3586 31 25 3 20 
3587 77 71 77 46 
3588 69 93 34 39 
3589 90 29 67 13 
3590 56 61 98 25 
3591 28 78 12 67 
3592 88 85 76 61 
3593 98 16 96 79 
3594 90 54 55 6 
3595 77 61 90 68 
3596 45 84 33 88 
3597 55 46 84 1 
3598 55 2 61 95 
3599 34 37 87 32 
3600 75 49 8 8 
3601 41 3 69 43 
3602 70 5 46 27 
3603 63 30 24 82 
3604 73 80 55 27 
3605 32 76 79 89 
3606 58 53 92 4 
3607 99 57 78 83 
3608 62 50 57 0 
3609 72 98 64 18 
3610 0 6 10 77 
3611 91 16 95 13 
3612 49 80 21 52 
3613 31 57 37 22 
3614 5 45 48 3 
3615 0 16 24 54 
3616 10 6 37 9 
3617 75 24 53 27 
3618 87 63 63 0 
3619 15 2 61 49 
3620 90 68 53 53 
3621 54 29 38 52 
3622 83 52 76 52 
3623 37 20 74 16 
3624 49 40 63 63 
3625 15 48 27 93 
3626 58 98 46 82 
3627 23 27 6 77 
3628 57 84 63 2 
3629 65 56 17 26 
3630 27 30 69 36 
3631 21 46 26 73 
3632 18 95 38 76 
3633 26 29 83 97 
3634 85 7 65 69 
3635 82 59 62 59 
3636 73 78 2 23 
3637 46 5 8 1 
3638 72 27 9 37 
3639 31 47 98 22 
3640 40 86 97 66 
3641 48 30 97 26 
3642 16 46 68 7 
3643 15 57 86 30 
3644 72 6 87 61 
3645 43 17 39 25 
3646 42 64 10 13 
3647 74 52 50 49 
3648 26 15 98 36 
3649 92 24 96 73 
3650 97 31 32 31 
3651 88 7 44 43 
3652 95 54 38 39 
3653 44 3 31 36 
3654 86 29 99 67 
3655 7 88 77 90 
3656 12 1 19 69 
3657 88 99 23 54 
3658 95 83 97 91 
3659 3 37 24 96 
3660 84 51 73 12 
3661 7 70 69 61 
3662 15 82 79 29 
3663 20 42 5 81 
3664 8 14 55 59 
3665 11 91 66 97 
3666 47 59 20 37 
3667 9 95 75 22 
3668 11 73 27 48 
3669 81 28 35 64 
3670 5 93 70 3 
3671 41 67 81 64 
3672 84 35 17 7 
3673 58 88 6 69 
3674 69 12 69 18 
3675 39 81 16 41 
3676 66 67 67 93 
3677 27 74 30 50 
3678 50 42 43 84 
3679 28 5 67 8 
3680 76 52 6 41 
3681 6 65 71 82 
3682 46 11 71 43 
3683 94 89 18 70 
3684 87 30 75 33 
3685 2 60 14 42 
3686 88 69 89 52 
3687 99 67 12 30 
3688 10 25 24 72 
3689 17 61 13 53 
3690 21 42 0 38 
3691 44 27 13 40 
3692 37 65 18 88 
3693 10 84 65 59 
3694 75 86 52 61 
3695 40 48 77 81 
3696 86 53 85 47 
3697 70 97 87 29 
3698 29 51 70 90 
3699 4 51 57 24 
3700 25 40 5 94 
3701 87 60 92 36 
3702 41 96 3 20 
3703 5 50 35 41 
3704 42 61 26 56 
3705 84 23 39 59 
3706 77 23 36 54 
3707 82 2 47 9 
3708 39 22 8 55 
3709 27 20 47 50 
3710 89 80 91 6 
3711 10 16 34 67 
3712 19 4 89 53 
3713 90 66 19 67 
3714 17 52 11 57 
3715 74 5 69 11 
3716 67 82 68 90 
3717 35 53 27 45 
3718 78 26 41 56 
3719 78 49 53 7 
3720 26 97 59 4 
3721 49 8 41 93 
3722 46 57 55 48 
3723 91 28 91 96 
3724 42 46 94 10 
3725 39 22 69 53 
3726 12 62 64 48 
3727 36 24 43 70 
3728 76 44 6 19 
3729 1 40 46 36 
3730 68 58 91 96 
3731 35 5 15 58 
3732 33 19 21 87 
3733 4 66 17 58 
3734 81 70 1 66 
3735 11 69 22 42 
3736 76 6 50 30 
3737 72 16 32 43 
3738 22 22 51 70 
3739 79 32 75 5 
3740 10 26 33 94 
3741 13 7 35 52 
3742 4 38 75 79 
3743 15 93 95 81 
3744 2 5 1 69 
3745 6 29 15 47 
3746 60 69 54 73 
3747 76 84 99 31 
3748 30 15 53 32 
3749 63 24 10 19 
3750 14 65 15 3 
3751 31 2 35 43 
3752 83 13 43 63 
3753 76 37 51 80 
3754 5 89 80 0 
3755 4 83 55 92 
3756 75 43 86 60 
3757 94 29 4 90 
3758 88 40 87 42 
3759 45 14 23 54 
3760 55 47 15 98 
3761 52 46 67 96 
3762 77 1 82 50 
3763 31 33 25 42 
3764 14 5 41 38 
3765 23 63 68 47 
3766 8 97 62 79 
3767 14 40 4 55 
3768 24 43 88 35 
3769 95 10 37 45 
3770 34 11 86 24 
3771 54 9 71 21 
3772 74 46 36 91 
3773 18 99 23 97 
3774 66 78 33 38 
3775 12 17 29 84 
3776 20 3 19 99 
3777 52 42 21 2 
3778 10 32 54 28 
3779 74 42 24 81 
3780 53 14 17 65 
3781 62 89 42 42 
3782 28 98 81 34 
3783 11 28 67 78 
3784 15 63 71 5 
3785 33 55 50 11 
3786 74 17 69 10 
3787 97 21 13 64 
3788 76 96 70 18 
3789 73 31 11 82 
3790 77 17 44 6 
3791 59 81 83 1 
3792 86 59 48 54 
3793 12 24 54 19 
3794 45 24 87 72 
3795 91 13 0 42 
3796 34 73 31 7 
3797 46 86 75 37 
3798 95 63 95 66 
3799 60 56 83 89 
3800 97 95 83 83 
3801 63 26 21 22 
3802 86 76 97 25 
3803 61 96 47 23 
3804 76 75 89 68 
3805 24 81 92 92 
3806 60 22 73 68 
3807 20 24 90 13 
3808 11 59 0 31 
3809 62 12 98 79 
3810 77 7 29 42 
3811 4 22 74 14 
3812 6 45 74 88 
3813 25 30 19 81 
3814 85 47 31 6 
3815 21 81 80 76 
3816 41 58 83 18 
3817 73 39 74 60 
3818 59 69 76 39 
3819 92 13 95 56 
3820 15 50 74 44 
3821 17 18 3 43 
3822 47 98 40 25 
3823 68 51 52 32 
3824 10 31 25 54 
3825 95 10 46 25 
3826 39 86 66 82 
3827 19 15 7 11 
3828 20 52 54 69 
3829 82 55 32 7 
3830 70 32 41 68 
3831 59 73 50 67 
3832 5 13 54 25 
3833 6 13 99 33 
3834 28 71 0 4 
3835 1 40 46 95 
3836 47 73 43 77 
3837 25 89 30 55 
3838 95 73 79 15 
3839 26 98 95 49 
3840 32 88 68 60 
3841 82 38 33 39 
3842 11 93 27 37 
3843 21 79 3 39 
3844 85 62 17 95 
3845 26 2 99 79 
3846 45 52 69 12 
3847 43 60 68 59 
3848 62 74 75 77 
3849 45 84 45 80 
3850 64 34 46 69 
3851 16 92 74 17 
3852 40 32 81 3 
3853 55 82 66 43 
3854 53 68 47 12 
3855 30 15 17 28 
3856 48 19 61 4 
3857 60 53 41 24 
3858 21 84 22 37 
3859 42 16 78 93 
3860 10 94 35 67 
3861 38 12 20 90 
3862 68 55 37 63 
3863 46 21 71 44 
3864 71 87 55 17 
3865 35 76 81 72 
3866 40 48 31 23 
3867 89 86 1 23 
3868 80 87 96 53 
3869 87 66 18 72 
3870 64 44 16 48 
3871 4 50 34 59 
3872 31 66 82 41 
3873 46 96 1 57 
3874 97 45 20 82 
3875 9 92 5 20 
3876 21 96 50 96 
3877 61 61 36 0 
3878 68 85 92 43 
3879 74 63 28 44 
3880 15 62 64 15 
3881 23 19 15 36 
3882 58 99 73 15 
3883 96 38 72 69 
3884 82 38 77 25 
3885 57 28 82 5 
3886 5 95 90 92 
3887 61 47 90 35 
3888 39 87 77 33 
3889 80 52 40 37 
3890 61 62 42 97 
3891 9 1 10 22 
3892 77 74 44 88 
3893 89 46 28 70 
3894 29 1 8 29 
3895 93 40 1 14 
3896 94 57 74 39 
3897 1 82 42 67 
3898 78 36 15 38 
3899 13 43 90 6 
3900 9 62 9 30 
3901 1 89 44 16 
3902 98 30 9 8 
3903 49 37 49 33 
3904 0 94 50 71 
3905 41 58 52 6 
3906 93 88 8 83 
3907 36 59 36 27 
3908 50 77 19 47 
3909 83 95 64 85 
3910 34 35 14 31 
3911 67 82 77 95 
3912 16 59 82 92 
3913 79 1 64 68 
3914 8 23 77 22 
3915 15 9 39 45 
3916 89 9 94 92 
3917 81 99 50 3 
3918 50 84 97 51 
3919 49 16 69 23 
3920 34 48 17 19 
3921 93 52 55 41 
3922 95 90 75 39 
3923 65 20 21 51 
3924 82 11 67 16 
3925 74 85 32 72 
3926 65 49 63 77 
3927 95 77 11 53 
3928 38 20 60 99 
3929 96 2 36 35 
3930 51 9 29 18 
3931 77 10 54 67 
3932 18 96 36 49 
3933 18 5 75 50 
3934 23 56 19 30 
3935 40 52 49 44 
3936 41 25 25 88 
3937 9 38 0 90 
3938 25 82 41 64 
3939 5 43 38 2 
3940 82 94 3 46 
3941 28 0 59 97 
3942 66 15 12 86 
3943 60 17 8 52 
3944 97 18 64 85 
3945 1 52 37 81 
3946 16 6 49 70 
3947 6 43 64 15 
3948 85 45 52 6 
3949 27 6 29 75 
3950 52 47 60 62 
3951 5 5 34 93 
3952 66 60 91 53 
3953 68 15 78 52 
3954 16 9 15 21 
3955 46 80 17 14 
3956 6 40 9 61 
3957 15 97 52 8 
3958 77 75 77 37 
3959 39 27 61 56 
3960 82 46 54 4 
3961 4 0 47 6 
3962 5 44 9 24 
3963 5 36 25 69 
3964 87 44 24 40 
3965 4 80 64 1 
3966 20 75 2 37 
3967 91 16 58 73 
3968 90 14 56 27 
3969 98 35 37 60 
3970 95 68 37 96 
3971 47 3 37 12 
3972 45 32 91 64 
3973 20 42 98 54 
3974 5 61 64 87 
3975 83 43 3 64 
3976 33 61 51 6 
3977 99 28 42 34 
3978 49 75 17 72 
3979 98 84 51 61 
3980 79 54 57 4 
3981 18 56 70 38 
3982 22 9 85 69 
3983 39 54 74 62 
3984 41 42 8 5 
3985 16 27 31 58 
3986 24 59 49 36 
3987 53 48 1 53 
3988 25 15 43 38 
3989 24 44 25 22 
3990 28 23 37 86 
3991 50 41 80 28 
3992 54 24 13 79 
3993 58 26 46 89 
3994 9 22 50 65 
3995 33 93 87 41 
3996 66 12 87 52 
3997 36 16 85 81 
3998 79 59 47 42 
3999 51 86 89 91 
