100 100 100 150 
0 80 56 26 16 
1 49 92 12 3 
2 72 83 81 36 
3 70 28 93 22 
4 41 50 89 37 
5 91 13 14 74 
6 55 60 47 56 
7 3 21 21 3 
8 26 65 68 75 
9 21 62 94 9 
10 88 78 44 74 
11 78 15 47 16 
12 75 46 73 12 
13 17 48 83 51 
14 65 16 21 83 
15 42 51 6 48 
16 5 49 31 24 
17 67 84 39 57 
18 83 39 50 18 
19 89 92 25 20 
20 94 52 71 55 
21 86 17 16 57 
22 76 18 55 21 
23 63 69 50 85 
24 22 38 48 30 
25 73 90 73 6 
26 36 78 88 63 
27 99 65 61 5 
28 24 81 81 28 
29 7 80 20 83 
30 59 47 61 39 
31 61 94 46 13 
32 1 35 82 34 
33 71 45 44 51 
34 61 27 28 52 
35 81 1 75 84 
36 60 1 8 52 
37 9 59 17 51 
38 90 63 22 70 
39 88 88 92 52 
40 27 93 79 32 
41 8 96 35 9 
42 72 26 11 56 
43 68 42 39 45 
44 54 65 73 58 
45 31 70 29 50 
46 5 49 21 38 
47 3 81 13 45 
48 67 84 60 26 
49 66 0 38 20 
50 92 10 18 93 
51 50 62 70 94 
52 53 15 88 71 
53 32 77 62 67 
54 8 43 60 20 
55 82 16 13 98 
56 17 58 6 56 
57 15 62 41 7 
58 74 28 67 41 
59 95 48 35 62 
60 31 5 27 12 
61 54 66 23 86 
62 78 48 31 92 
63 38 65 57 46 
64 89 10 21 80 
65 12 63 3 90 
66 62 14 98 88 
67 99 32 88 57 
68 71 62 25 41 
69 12 67 3 18 
70 69 34 50 76 
71 30 99 43 59 
72 44 70 37 84 
73 51 25 28 77 
74 60 24 90 45 
75 44 44 69 76 
76 13 83 43 76 
77 18 35 33 95 
78 74 51 47 68 
79 53 38 58 67 
80 78 17 66 97 
81 89 25 99 25 
82 99 60 91 98 
83 80 47 60 51 
84 63 4 36 87 
85 31 56 82 51 
86 59 10 72 16 
87 12 30 25 77 
88 96 43 24 21 
89 45 74 54 19 
90 42 78 15 93 
91 96 50 78 31 
92 72 20 96 85 
93 93 53 5 14 
94 1 67 57 18 
95 53 99 79 41 
96 28 20 11 89 
97 10 62 43 79 
98 61 66 53 20 
99 71 25 41 11 
100 71 40 73 41 
101 50 71 28 56 
102 56 16 51 88 
103 46 49 96 84 
104 11 44 79 84 
105 24 73 44 86 
106 60 34 42 93 
107 74 55 12 75 
108 58 54 16 67 
109 33 84 3 42 
110 96 93 82 93 
111 53 69 82 24 
112 31 62 30 68 
113 55 71 73 96 
114 45 19 91 23 
115 95 80 17 27 
116 99 19 92 89 
117 41 8 5 13 
118 39 30 21 68 
119 78 6 33 85 
120 14 18 19 35 
121 14 26 26 50 
122 98 45 70 17 
123 81 51 30 90 
124 53 95 59 93 
125 48 85 74 47 
126 99 82 78 89 
127 99 96 18 46 
128 17 6 30 78 
129 33 83 13 33 
130 33 43 35 75 
131 84 85 20 65 
132 89 42 83 85 
133 2 59 24 68 
134 26 57 94 64 
135 32 0 16 10 
136 45 76 12 53 
137 2 15 35 32 
138 62 83 97 96 
139 95 30 45 48 
140 93 20 44 35 
141 78 22 23 65 
142 58 46 77 87 
143 56 69 83 7 
144 4 72 74 4 
145 43 31 93 75 
146 68 39 62 0 
147 15 84 84 36 
148 88 52 30 82 
149 72 23 58 74 
150 69 23 11 75 
151 41 82 31 62 
152 79 52 75 4 
153 38 40 75 84 
154 75 66 34 25 
155 0 3 30 72 
156 78 20 25 6 
157 17 20 58 94 
158 78 28 8 14 
159 90 49 33 6 
160 77 53 90 80 
161 26 68 76 14 
162 72 44 32 62 
163 14 91 56 45 
164 20 21 97 43 
165 4 16 96 76 
166 43 99 6 38 
167 30 84 75 82 
168 12 69 89 66 
169 96 15 1 56 
170 92 74 15 90 
171 34 30 65 53 
172 79 92 9 23 
173 54 45 78 32 
174 2 20 3 12 
175 41 2 67 11 
176 99 39 64 44 
177 56 31 43 95 
178 78 53 74 70 
179 3 12 15 77 
180 1 5 69 24 
181 62 82 71 35 
182 36 32 65 29 
183 27 76 32 69 
184 36 37 20 64 
185 89 91 46 57 
186 17 15 5 97 
187 21 39 81 48 
188 60 30 88 73 
189 71 87 77 56 
190 45 45 87 58 
191 58 95 36 19 
192 85 2 22 5 
193 66 2 96 86 
194 26 16 43 49 
195 60 57 80 30 
196 43 44 23 26 
197 92 52 90 86 
198 63 65 56 67 
199 46 40 68 7 
200 96 29 90 46 
201 47 17 76 71 
202 77 38 93 69 
203 12 30 42 31 
204 72 19 92 50 
205 94 1 33 35 
206 10 71 8 71 
207 92 4 82 77 
208 21 47 45 98 
209 4 49 82 96 
210 92 53 16 81 
211 75 41 53 25 
212 66 63 95 25 
213 64 14 55 83 
214 43 58 85 54 
215 4 72 57 9 
216 98 13 44 20 
217 36 59 64 12 
218 84 64 22 92 
219 87 37 81 62 
220 14 71 87 78 
221 78 44 50 62 
222 57 10 73 12 
223 84 94 37 63 
224 7 29 26 39 
225 63 9 40 88 
226 77 16 96 27 
227 12 67 25 99 
228 55 0 36 84 
229 18 80 60 26 
230 68 87 78 73 
231 37 48 67 12 
232 78 59 85 95 
233 27 87 16 78 
234 66 81 18 45 
235 96 61 39 90 
236 55 31 40 23 
237 49 64 82 97 
238 73 25 38 63 
239 34 8 6 25 
240 90 71 35 87 
241 37 91 40 10 
242 35 16 74 72 
243 69 59 77 56 
244 69 27 37 72 
245 2 97 70 70 
246 45 28 84 22 
247 6 24 55 93 
248 8 51 71 50 
249 38 80 23 20 
