100 100 1000 500 
0 13 75 83 98 
1 61 61 90 10 
2 69 37 19 37 
3 89 2 51 20 
4 64 71 86 82 
5 62 15 56 9 
6 77 37 22 63 
7 78 11 2 35 
8 99 17 93 74 
9 12 90 60 82 
10 52 13 16 22 
11 50 4 26 35 
12 74 53 52 53 
13 84 12 73 16 
14 52 80 96 11 
15 62 50 51 97 
16 45 42 30 45 
17 19 23 46 79 
18 44 80 43 50 
19 43 63 52 25 
20 22 26 12 61 
21 51 43 29 69 
22 18 94 77 42 
23 3 16 96 56 
24 39 68 15 50 
25 60 58 51 56 
26 10 51 18 38 
27 75 96 6 68 
28 19 85 82 47 
29 78 24 4 96 
30 96 80 79 67 
31 37 1 24 46 
32 50 93 41 74 
33 40 89 86 54 
34 60 27 80 46 
35 74 65 2 98 
36 35 54 75 13 
37 38 13 46 18 
38 76 74 67 17 
39 52 83 32 13 
40 13 74 99 89 
41 69 1 82 80 
42 6 49 81 76 
43 21 40 26 20 
44 67 56 14 94 
45 1 52 59 10 
46 53 60 78 49 
47 80 98 37 67 
48 9 18 29 27 
49 44 75 58 58 
50 3 79 4 41 
51 15 14 84 30 
52 58 38 52 79 
53 52 89 7 39 
54 37 33 90 62 
55 2 9 5 34 
56 61 76 80 22 
57 45 80 58 40 
58 33 7 3 68 
59 16 95 72 53 
60 35 52 56 79 
61 46 20 90 38 
62 43 50 9 73 
63 88 36 14 1 
64 92 74 45 54 
65 76 34 66 4 
66 58 96 67 14 
67 39 23 92 46 
68 14 87 99 11 
69 13 94 33 68 
70 52 94 96 84 
71 87 74 7 71 
72 93 1 13 45 
73 60 55 25 36 
74 83 69 61 56 
75 40 74 75 12 
76 33 44 98 51 
77 32 7 65 12 
78 6 65 5 27 
79 77 95 15 18 
80 88 85 65 47 
81 74 64 8 83 
82 74 5 16 25 
83 16 41 25 58 
84 99 69 26 69 
85 37 9 98 54 
86 8 43 79 15 
87 36 74 61 63 
88 81 51 89 5 
89 0 23 96 53 
90 44 73 22 89 
91 13 19 88 72 
92 31 92 0 80 
93 54 92 75 45 
94 23 50 54 3 
95 59 45 65 82 
96 61 29 3 89 
97 60 92 59 46 
98 97 97 24 29 
99 92 19 71 55 
100 3 40 4 9 
101 92 32 9 91 
102 64 50 17 62 
103 11 43 52 85 
104 61 90 46 97 
105 69 65 99 52 
106 70 61 0 86 
107 17 71 32 92 
108 73 16 42 24 
109 57 82 97 96 
110 54 80 27 40 
111 7 23 89 32 
112 38 56 54 94 
113 11 10 97 72 
114 79 8 78 2 
115 85 79 53 16 
116 59 24 13 87 
117 34 41 92 51 
118 31 82 15 21 
119 34 59 22 54 
120 68 38 66 63 
121 72 11 88 10 
122 92 11 64 49 
123 38 48 19 88 
124 43 65 12 16 
125 20 39 27 85 
126 51 4 83 26 
127 6 43 71 69 
128 21 83 55 52 
129 97 31 62 45 
130 14 18 2 16 
131 59 28 58 24 
132 21 6 21 69 
133 34 14 4 36 
134 99 82 51 18 
135 97 94 44 96 
136 96 97 63 1 
137 98 67 87 71 
138 15 4 68 22 
139 13 72 29 53 
140 51 41 31 0 
141 58 81 56 12 
142 88 3 64 28 
143 56 84 56 46 
144 42 39 48 73 
145 12 91 90 98 
146 74 35 80 56 
147 29 95 69 88 
148 64 64 27 66 
149 7 68 62 80 
150 31 63 98 39 
151 73 60 43 99 
152 15 31 3 21 
153 6 52 81 31 
154 63 71 83 32 
155 54 18 21 29 
156 69 11 7 80 
157 68 3 41 78 
158 9 73 57 47 
159 59 31 21 64 
160 92 16 73 28 
161 52 95 28 36 
162 66 5 1 52 
163 43 12 61 20 
164 18 68 16 56 
165 84 56 71 81 
166 80 49 18 70 
167 21 87 59 66 
168 31 33 22 85 
169 38 64 50 6 
170 4 79 72 27 
171 31 37 17 24 
172 63 13 63 8 
173 40 56 31 30 
174 20 15 74 16 
175 83 52 65 61 
176 28 71 41 39 
177 39 43 12 15 
178 47 40 40 95 
179 73 10 94 47 
180 31 24 39 1 
181 66 67 72 79 
182 85 2 93 87 
183 97 58 1 10 
184 47 65 74 68 
185 3 10 7 81 
186 63 28 78 75 
187 5 67 78 83 
188 52 75 88 2 
189 58 85 3 29 
190 99 23 3 36 
191 17 74 93 38 
192 27 38 8 29 
193 4 48 60 56 
194 85 53 45 25 
195 21 98 17 16 
196 74 97 54 89 
197 99 81 26 15 
198 97 16 42 77 
199 89 94 72 41 
200 62 13 90 42 
201 80 82 38 92 
202 68 62 99 91 
203 69 80 23 11 
204 8 67 80 48 
205 59 47 55 33 
206 72 53 4 1 
207 1 12 65 92 
208 37 33 65 90 
209 86 92 56 93 
210 84 44 59 7 
211 11 56 49 98 
212 76 3 76 73 
213 36 9 54 98 
214 17 11 42 40 
215 73 31 7 65 
216 86 53 45 19 
217 22 56 38 92 
218 39 53 24 51 
219 19 98 35 86 
220 47 57 53 82 
221 81 62 31 61 
222 20 50 4 14 
223 18 72 56 74 
224 47 81 42 45 
225 91 59 45 78 
226 95 65 44 36 
227 65 70 73 57 
228 49 93 53 75 
229 40 16 95 84 
230 61 28 43 6 
231 31 68 7 89 
232 77 46 89 49 
233 48 83 25 90 
234 10 67 44 22 
235 68 64 54 16 
236 31 66 95 92 
237 16 48 76 45 
238 9 55 94 15 
239 72 69 84 15 
240 5 51 9 19 
241 93 68 5 1 
242 63 86 61 15 
243 57 81 90 88 
244 78 29 2 3 
245 92 94 14 30 
246 93 67 14 4 
247 78 63 64 47 
248 89 87 89 17 
249 50 74 77 99 
250 56 35 40 0 
251 61 96 51 56 
252 83 92 14 87 
253 90 84 58 75 
254 50 24 74 41 
255 10 63 8 38 
256 41 41 75 20 
257 57 42 33 45 
258 77 16 95 45 
259 38 63 41 61 
260 0 16 71 82 
261 64 51 64 4 
262 66 10 53 95 
263 79 48 16 68 
264 8 21 87 24 
265 12 67 73 4 
266 47 35 72 35 
267 68 78 38 98 
268 26 44 75 16 
269 64 50 40 76 
270 95 88 0 29 
271 78 27 90 42 
272 91 69 74 8 
273 42 38 44 3 
274 76 22 48 6 
275 78 93 0 35 
276 93 23 6 47 
277 78 4 73 12 
278 56 19 19 49 
279 62 12 61 4 
280 44 80 60 43 
281 80 85 37 71 
282 52 13 67 62 
283 92 62 20 22 
284 20 60 41 0 
285 20 54 67 82 
286 11 3 32 71 
287 18 14 28 14 
288 98 29 5 75 
289 65 81 36 9 
290 98 70 38 15 
291 27 21 56 58 
292 80 71 57 72 
293 53 83 95 16 
294 8 36 4 37 
295 32 86 89 97 
296 25 6 38 98 
297 99 38 94 68 
298 45 16 81 30 
299 22 13 33 61 
300 80 30 66 31 
301 4 72 59 71 
302 45 52 69 72 
303 21 73 72 90 
304 11 27 77 96 
305 98 89 8 14 
306 39 45 89 39 
307 92 10 2 33 
308 26 82 80 44 
309 17 82 64 62 
310 76 27 0 84 
311 38 54 71 84 
312 11 65 82 34 
313 30 55 75 65 
314 28 9 53 59 
315 35 26 36 93 
316 83 36 49 50 
317 11 1 29 50 
318 60 84 0 9 
319 46 43 83 77 
320 8 89 67 44 
321 9 28 94 39 
322 6 20 72 20 
323 2 74 64 53 
324 45 18 45 10 
325 88 90 6 90 
326 3 53 30 98 
327 54 12 60 62 
328 40 20 6 72 
329 52 47 80 44 
330 52 85 7 21 
331 40 7 70 71 
332 85 11 61 98 
333 19 90 50 21 
334 55 34 58 86 
335 70 76 0 73 
336 81 86 48 69 
337 14 31 15 28 
338 74 64 24 95 
339 49 1 99 44 
340 64 25 1 98 
341 32 11 60 19 
342 20 11 99 16 
343 14 72 57 18 
344 59 27 8 14 
345 36 37 53 71 
346 17 15 97 49 
347 42 2 20 15 
348 29 73 66 2 
349 56 95 5 97 
350 57 32 13 11 
351 62 68 14 0 
352 84 61 34 50 
353 85 44 73 69 
354 92 84 5 14 
355 65 75 50 34 
356 78 95 36 34 
357 51 2 30 75 
358 0 71 0 46 
359 7 79 37 1 
360 11 64 94 15 
361 35 80 92 91 
362 41 76 78 10 
363 97 38 19 42 
364 65 57 8 22 
365 17 90 25 82 
366 49 8 23 82 
367 83 36 66 39 
368 4 46 93 43 
369 47 32 38 59 
370 29 44 48 0 
371 9 72 5 58 
372 67 3 31 9 
373 64 30 97 97 
374 78 74 2 65 
375 98 49 85 49 
376 48 61 23 67 
377 57 12 37 44 
378 42 66 90 74 
379 17 97 52 28 
380 97 78 45 95 
381 99 63 99 46 
382 7 73 75 59 
383 94 88 86 70 
384 75 64 70 5 
385 90 8 91 92 
386 28 96 24 6 
387 37 94 30 7 
388 62 8 20 73 
389 59 91 27 97 
390 77 13 42 7 
391 72 0 0 13 
392 87 54 78 97 
393 33 2 53 12 
394 58 85 31 77 
395 30 78 65 60 
396 78 48 55 27 
397 8 26 71 73 
398 64 98 4 29 
399 48 90 74 42 
400 39 88 20 27 
401 88 11 42 79 
402 98 51 65 38 
403 58 80 34 79 
404 75 54 13 86 
405 88 34 52 83 
406 1 70 39 58 
407 41 23 59 64 
408 78 27 22 16 
409 91 64 89 82 
410 99 63 95 18 
411 91 71 68 99 
412 79 38 12 67 
413 55 83 65 8 
414 8 32 0 11 
415 12 53 87 27 
416 93 26 38 89 
417 14 22 1 35 
418 40 36 32 37 
419 87 27 8 85 
420 92 6 14 46 
421 23 91 96 34 
422 91 49 53 81 
423 39 12 9 45 
424 19 30 91 43 
425 7 69 38 80 
426 97 10 27 43 
427 16 60 75 2 
428 60 53 76 92 
429 22 27 29 26 
430 79 87 49 77 
431 34 30 14 1 
432 59 20 83 22 
433 8 87 45 77 
434 48 44 87 69 
435 57 5 26 64 
436 55 66 32 59 
437 80 54 26 25 
438 79 35 93 44 
439 24 17 28 34 
440 62 42 82 12 
441 90 72 59 7 
442 1 53 96 69 
443 30 81 78 84 
444 5 20 20 84 
445 98 73 63 63 
446 39 54 75 26 
447 45 84 27 85 
448 29 91 90 97 
449 46 16 76 80 
450 50 30 65 74 
451 66 72 93 48 
452 83 79 94 4 
453 18 77 85 5 
454 7 88 85 23 
455 63 1 82 52 
456 74 89 69 63 
457 55 1 95 83 
458 65 17 66 57 
459 93 77 40 65 
460 91 59 42 89 
461 79 26 76 97 
462 73 69 86 18 
463 91 22 16 72 
464 89 60 75 35 
465 62 74 30 61 
466 58 74 36 97 
467 59 93 63 45 
468 63 78 47 79 
469 80 52 81 37 
470 70 65 22 13 
471 84 79 62 75 
472 48 13 49 60 
473 87 66 11 51 
474 77 89 3 42 
475 48 74 16 68 
476 23 12 33 89 
477 68 95 31 7 
478 67 3 31 32 
479 2 17 97 54 
480 18 66 55 94 
481 37 13 32 73 
482 66 73 90 13 
483 46 97 63 38 
484 20 6 31 24 
485 65 41 13 62 
486 25 94 26 76 
487 81 92 67 41 
488 73 76 46 53 
489 63 77 9 68 
490 25 34 55 63 
491 30 23 57 34 
492 45 22 65 75 
493 73 29 83 13 
494 60 90 66 98 
495 34 97 72 9 
496 50 50 56 44 
497 63 35 57 96 
498 45 30 88 12 
499 0 20 60 71 
500 38 79 23 29 
501 12 72 6 71 
502 43 96 95 45 
503 74 22 9 71 
504 60 73 58 15 
505 53 76 63 34 
506 46 44 1 59 
507 41 11 15 73 
508 95 47 75 36 
509 86 1 90 7 
510 37 73 56 47 
511 49 72 98 52 
512 42 85 98 77 
513 30 89 6 79 
514 60 49 76 28 
515 54 21 43 87 
516 52 0 91 78 
517 92 23 36 99 
518 53 33 49 58 
519 54 18 34 92 
520 66 8 2 94 
521 57 18 95 36 
522 88 37 81 64 
523 57 46 92 25 
524 68 2 24 56 
525 30 60 16 74 
526 68 60 95 4 
527 97 82 46 80 
528 81 78 6 3 
529 62 97 73 43 
530 79 92 21 90 
531 59 41 8 42 
532 88 98 49 61 
533 23 67 26 45 
534 51 6 25 82 
535 67 48 59 50 
536 23 23 67 87 
537 55 21 90 48 
538 23 99 14 14 
539 61 57 68 99 
540 6 36 9 36 
541 68 90 79 99 
542 15 56 57 82 
543 60 79 65 28 
544 77 93 18 10 
545 90 4 64 15 
546 11 89 87 39 
547 69 63 7 18 
548 26 67 91 61 
549 74 94 52 9 
550 59 87 41 28 
551 26 16 50 21 
552 46 46 75 6 
553 78 11 26 31 
554 17 69 61 52 
555 29 50 6 89 
556 1 71 38 61 
557 63 14 48 14 
558 60 11 42 92 
559 58 24 28 75 
560 24 8 1 66 
561 88 84 81 21 
562 47 47 56 14 
563 3 28 9 7 
564 95 0 74 40 
565 29 56 23 31 
566 85 39 19 67 
567 56 83 48 5 
568 95 46 18 24 
569 92 58 14 12 
570 35 36 29 59 
571 95 36 90 5 
572 40 74 60 46 
573 85 58 99 1 
574 5 31 16 26 
575 30 94 2 71 
576 68 56 24 60 
577 84 10 52 17 
578 35 70 23 50 
579 90 20 16 21 
580 38 70 19 12 
581 7 24 78 95 
582 2 87 75 73 
583 55 14 58 13 
584 77 37 4 3 
585 69 97 57 56 
586 37 39 71 35 
587 67 0 70 1 
588 84 16 78 94 
589 79 65 32 51 
590 96 61 38 96 
591 28 5 34 98 
592 48 96 75 65 
593 77 76 71 14 
594 94 97 90 31 
595 70 69 46 19 
596 63 42 35 8 
597 36 97 79 91 
598 11 0 57 24 
599 89 10 42 7 
600 18 11 49 3 
601 81 89 33 56 
602 24 68 92 0 
603 41 42 97 68 
604 23 39 94 91 
605 92 41 0 5 
606 4 61 95 96 
607 31 90 86 58 
608 77 47 14 22 
609 95 73 52 20 
610 79 2 70 69 
611 21 34 48 12 
612 29 5 99 49 
613 53 53 51 46 
614 26 47 38 17 
615 21 94 37 17 
616 70 68 68 28 
617 78 90 70 84 
618 82 29 25 43 
619 43 1 40 26 
620 25 30 4 76 
621 76 24 46 11 
622 33 99 51 77 
623 84 5 25 43 
624 87 88 17 80 
625 59 85 55 20 
626 32 7 66 4 
627 14 81 48 42 
628 47 52 53 22 
629 20 0 25 23 
630 45 71 74 48 
631 78 97 41 54 
632 0 86 39 12 
633 68 31 72 50 
634 99 89 8 97 
635 87 74 91 32 
636 57 97 84 68 
637 65 25 93 60 
638 85 93 10 43 
639 8 90 77 6 
640 22 89 24 21 
641 38 23 81 31 
642 4 55 51 81 
643 34 23 79 24 
644 52 54 70 90 
645 74 92 95 3 
646 30 85 41 52 
647 9 37 35 92 
648 56 96 33 6 
649 25 87 82 48 
650 53 31 88 54 
651 56 66 31 61 
652 34 27 51 91 
653 24 95 52 28 
654 27 11 35 64 
655 62 3 25 37 
656 84 96 59 98 
657 82 87 12 59 
658 79 37 52 79 
659 96 52 54 31 
660 99 57 4 71 
661 36 94 8 47 
662 0 60 21 11 
663 67 82 52 12 
664 3 22 43 16 
665 44 1 72 95 
666 7 53 75 69 
667 58 12 57 34 
668 45 64 74 26 
669 75 35 79 86 
670 54 80 56 84 
671 30 37 97 32 
672 90 62 66 54 
673 69 28 49 27 
674 5 56 4 27 
675 31 26 4 74 
676 50 40 25 96 
677 3 86 40 28 
678 84 96 77 17 
679 50 67 47 62 
680 75 74 29 35 
681 36 32 6 27 
682 79 53 90 68 
683 65 41 40 37 
684 68 40 78 28 
685 0 54 90 43 
686 86 23 51 20 
687 67 95 7 63 
688 36 16 6 53 
689 31 64 6 68 
690 76 23 84 54 
691 46 20 84 19 
692 85 79 66 1 
693 36 91 55 12 
694 47 24 31 61 
695 99 2 51 36 
696 27 97 37 17 
697 41 76 17 83 
698 76 51 56 92 
699 41 73 47 66 
700 64 71 52 24 
701 72 57 56 96 
702 20 1 79 40 
703 51 9 78 10 
704 80 31 28 67 
705 27 45 6 74 
706 69 74 42 7 
707 62 31 1 23 
708 38 87 5 62 
709 34 3 48 21 
710 16 20 55 98 
711 97 47 12 32 
712 87 42 19 67 
713 87 77 91 4 
714 13 47 27 10 
715 80 76 57 8 
716 15 75 25 5 
717 60 4 49 44 
718 30 76 3 14 
719 9 93 3 84 
720 40 50 8 5 
721 23 51 41 27 
722 64 58 83 78 
723 48 65 78 6 
724 75 92 55 54 
725 46 52 61 74 
726 59 82 88 80 
727 87 87 20 24 
728 21 64 10 52 
729 35 1 3 11 
730 22 95 77 45 
731 14 40 62 13 
732 24 32 32 18 
733 95 23 54 22 
734 35 79 5 66 
735 68 19 96 38 
736 47 32 14 13 
737 81 55 10 31 
738 30 65 64 81 
739 31 10 33 84 
740 5 35 86 7 
741 77 42 60 58 
742 78 66 56 59 
743 23 13 35 53 
744 92 20 29 61 
745 27 95 0 38 
746 56 75 33 56 
747 20 99 45 25 
748 25 41 39 90 
749 75 61 20 76 
750 62 21 72 87 
751 66 75 49 47 
752 13 36 76 95 
753 89 75 34 60 
754 10 98 60 78 
755 41 37 23 96 
756 68 46 22 88 
757 79 14 71 99 
758 41 64 46 68 
759 19 24 95 93 
760 1 50 25 20 
761 27 74 5 27 
762 28 85 76 51 
763 46 37 88 80 
764 91 12 66 99 
765 82 41 39 49 
766 96 62 13 52 
767 84 18 63 12 
768 83 35 45 99 
769 78 67 40 85 
770 41 0 51 26 
771 10 27 11 43 
772 25 8 36 40 
773 50 68 15 47 
774 8 52 96 31 
775 8 64 52 40 
776 18 44 34 60 
777 17 37 46 30 
778 53 81 56 94 
779 63 15 82 54 
780 61 95 14 30 
781 27 20 55 20 
782 72 86 30 56 
783 43 72 23 48 
784 18 96 59 52 
785 27 48 84 57 
786 88 31 53 41 
787 91 64 50 60 
788 34 95 9 29 
789 51 76 33 37 
790 39 44 82 42 
791 34 20 62 54 
792 9 78 20 25 
793 15 70 52 30 
794 29 89 62 35 
795 69 44 56 17 
796 10 69 24 48 
797 8 0 47 20 
798 66 24 32 6 
799 43 34 81 45 
800 80 74 92 98 
801 13 26 64 95 
802 0 73 75 47 
803 6 67 85 56 
804 91 88 45 36 
805 71 46 39 35 
806 79 74 61 19 
807 19 90 36 11 
808 55 60 98 92 
809 98 10 31 97 
810 52 45 14 84 
811 86 22 60 39 
812 10 96 37 88 
813 5 35 25 45 
814 15 62 52 61 
815 53 6 27 31 
816 3 50 66 34 
817 56 94 87 2 
818 98 27 29 24 
819 55 37 3 79 
820 84 27 62 16 
821 0 81 84 70 
822 61 2 19 84 
823 99 59 7 5 
824 63 62 42 34 
825 82 56 17 97 
826 1 96 16 55 
827 36 38 10 38 
828 58 55 26 36 
829 86 77 44 7 
830 86 29 12 49 
831 67 7 77 88 
832 23 35 79 79 
833 79 97 81 20 
834 40 9 93 83 
835 89 89 15 93 
836 19 41 25 96 
837 26 62 98 37 
838 77 17 83 62 
839 86 96 42 49 
840 36 5 21 94 
841 46 43 33 63 
842 27 33 75 52 
843 59 50 1 71 
844 41 1 76 23 
845 10 95 30 59 
846 56 90 65 40 
847 63 76 79 86 
848 68 1 97 24 
849 9 58 23 10 
850 50 43 76 11 
851 83 75 90 97 
852 32 12 85 43 
853 38 60 55 65 
854 62 94 36 95 
855 94 9 63 68 
856 28 33 68 74 
857 48 18 30 83 
858 2 29 99 61 
859 97 25 28 17 
860 2 18 37 50 
861 21 77 2 43 
862 73 2 88 22 
863 59 97 26 85 
864 72 80 46 6 
865 73 93 1 97 
866 39 21 2 18 
867 80 96 66 92 
868 27 72 94 57 
869 65 39 83 39 
870 60 52 28 96 
871 45 93 26 30 
872 7 29 59 40 
873 30 53 4 62 
874 61 21 48 56 
875 90 24 56 55 
876 89 52 81 55 
877 89 8 67 79 
878 56 52 3 71 
879 84 69 9 71 
880 31 32 28 77 
881 53 9 97 53 
882 3 52 30 54 
883 56 9 30 80 
884 94 77 98 54 
885 68 13 46 48 
886 20 48 55 87 
887 43 80 74 49 
888 13 81 52 66 
889 16 94 7 0 
890 1 62 26 98 
891 81 33 11 0 
892 19 28 90 35 
893 18 86 5 60 
894 46 39 96 64 
895 57 3 95 68 
896 58 49 80 72 
897 22 20 24 17 
898 26 12 93 31 
899 66 3 59 39 
900 3 90 18 44 
901 73 64 24 16 
902 76 85 20 2 
903 10 36 24 58 
904 66 2 49 69 
905 77 27 11 95 
906 96 35 68 11 
907 88 23 33 35 
908 78 86 17 80 
909 18 6 74 22 
910 39 14 67 24 
911 7 12 93 35 
912 14 11 30 56 
913 65 25 10 7 
914 50 17 56 72 
915 26 93 32 26 
916 98 47 56 82 
917 42 22 11 16 
918 4 34 77 14 
919 53 18 91 26 
920 31 48 24 15 
921 83 91 93 30 
922 20 85 90 78 
923 46 2 93 90 
924 83 35 93 36 
925 47 13 78 94 
926 78 33 70 2 
927 6 5 61 92 
928 3 59 60 93 
929 8 72 77 23 
930 72 28 30 28 
931 86 10 26 0 
932 46 88 36 90 
933 44 16 99 17 
934 58 19 26 22 
935 35 90 78 34 
936 72 54 35 96 
937 82 5 90 98 
938 42 40 6 6 
939 29 53 25 44 
940 81 43 2 95 
941 73 81 50 91 
942 7 57 35 23 
943 49 86 34 11 
944 57 68 86 3 
945 73 12 97 94 
946 61 17 80 99 
947 89 47 61 5 
948 9 43 66 65 
949 25 3 49 93 
950 98 71 45 16 
951 14 85 76 85 
952 54 13 62 7 
953 28 66 6 68 
954 87 2 46 36 
955 17 16 74 23 
956 0 74 64 18 
957 4 33 95 94 
958 42 75 46 88 
959 42 56 64 69 
960 83 36 92 13 
961 88 52 37 95 
962 30 45 33 13 
963 48 98 36 88 
964 53 34 29 50 
965 56 77 50 50 
966 68 49 88 0 
967 87 43 88 30 
968 5 45 13 43 
969 19 92 3 72 
970 80 87 38 36 
971 88 96 7 83 
972 83 21 52 67 
973 84 34 40 89 
974 83 37 70 1 
975 36 54 47 12 
976 54 61 89 93 
977 30 29 20 86 
978 6 26 7 52 
979 43 52 58 95 
980 60 36 49 89 
981 75 59 91 43 
982 84 97 90 19 
983 91 70 21 44 
984 26 33 42 54 
985 98 31 5 9 
986 27 32 35 92 
987 34 5 31 23 
988 41 92 14 92 
989 72 77 21 60 
990 67 84 92 20 
991 98 25 34 74 
992 96 24 48 71 
993 99 35 53 46 
994 83 17 29 37 
995 42 87 81 22 
996 20 25 52 34 
997 17 13 23 44 
998 21 84 70 70 
999 65 41 11 24 
1000 31 35 17 61 
1001 21 35 4 89 
1002 87 63 15 0 
1003 15 28 71 32 
1004 52 14 48 32 
1005 36 16 50 60 
1006 75 10 3 29 
1007 10 6 61 9 
1008 91 82 27 57 
1009 22 39 14 23 
1010 19 39 8 64 
1011 4 37 6 34 
1012 35 20 21 61 
1013 41 30 93 6 
1014 43 6 88 44 
1015 7 0 23 59 
1016 41 4 85 34 
1017 54 23 5 3 
1018 19 92 81 6 
1019 21 64 41 75 
1020 75 99 76 9 
1021 70 73 52 19 
1022 5 83 94 97 
1023 5 91 16 36 
1024 95 25 46 0 
1025 53 79 84 77 
1026 86 0 22 71 
1027 14 97 42 21 
1028 81 4 65 12 
1029 29 35 17 80 
1030 23 97 54 19 
1031 33 74 13 47 
1032 38 48 64 53 
1033 78 7 26 16 
1034 5 31 89 44 
1035 22 38 90 88 
1036 4 52 44 36 
1037 37 40 70 13 
1038 31 66 37 31 
1039 74 23 73 90 
1040 60 4 2 60 
1041 11 87 6 71 
1042 74 16 80 70 
1043 81 65 28 52 
1044 45 40 42 3 
1045 55 97 75 74 
1046 10 57 76 6 
1047 18 62 30 82 
1048 61 19 98 50 
1049 76 66 65 7 
1050 46 32 97 63 
1051 27 76 25 2 
1052 88 98 58 22 
1053 4 12 89 98 
1054 12 62 70 8 
1055 80 1 4 37 
1056 3 99 15 33 
1057 42 92 12 73 
1058 7 47 87 69 
1059 81 90 90 70 
1060 48 1 83 27 
1061 40 35 55 69 
1062 84 13 32 73 
1063 42 67 35 25 
1064 60 42 33 26 
1065 30 75 31 0 
1066 50 41 5 40 
1067 65 1 80 9 
1068 46 8 77 59 
1069 70 90 31 90 
1070 65 24 92 90 
1071 37 26 33 56 
1072 97 12 61 63 
1073 46 49 11 17 
1074 2 3 73 98 
1075 87 43 18 94 
1076 64 66 67 75 
1077 98 37 42 37 
1078 3 73 80 48 
1079 79 98 57 78 
1080 27 71 55 74 
1081 27 86 23 19 
1082 85 18 60 53 
1083 50 35 6 65 
1084 87 52 56 27 
1085 17 93 23 66 
1086 94 5 97 18 
1087 29 53 75 11 
1088 39 61 91 6 
1089 44 91 47 73 
1090 65 53 85 12 
1091 89 17 62 53 
1092 5 37 21 91 
1093 72 7 66 93 
1094 64 83 99 28 
1095 43 86 97 2 
1096 89 49 68 19 
1097 53 28 78 66 
1098 82 86 87 89 
1099 47 39 55 86 
1100 94 39 87 29 
1101 31 74 29 13 
1102 77 73 3 28 
1103 16 42 42 35 
1104 48 60 8 45 
1105 72 80 71 5 
1106 58 11 14 90 
1107 79 17 19 49 
1108 62 11 56 13 
1109 15 64 26 7 
1110 56 73 37 93 
1111 25 92 74 20 
1112 18 26 26 53 
1113 64 23 3 6 
1114 61 71 76 67 
1115 56 53 24 42 
1116 44 27 48 33 
1117 90 43 91 48 
1118 35 6 52 65 
1119 18 63 50 96 
1120 94 59 72 66 
1121 65 18 68 81 
1122 71 25 2 19 
1123 51 80 35 63 
1124 36 91 36 20 
1125 46 8 13 34 
1126 52 87 33 92 
1127 8 63 59 51 
1128 23 51 18 67 
1129 60 29 46 61 
1130 10 93 16 42 
1131 20 72 52 19 
1132 59 54 10 71 
1133 39 22 36 8 
1134 51 35 67 4 
1135 99 38 87 4 
1136 76 40 69 42 
1137 50 23 40 93 
1138 33 56 83 89 
1139 66 88 80 88 
1140 92 9 51 48 
1141 69 24 68 59 
1142 39 42 34 33 
1143 95 35 42 0 
1144 99 7 65 43 
1145 2 1 73 81 
1146 41 70 56 51 
1147 88 6 11 8 
1148 85 18 94 22 
1149 42 38 83 73 
1150 77 85 92 66 
1151 63 5 29 19 
1152 57 55 88 83 
1153 18 79 73 86 
1154 59 56 79 89 
1155 10 47 83 86 
1156 6 4 93 13 
1157 82 37 91 35 
1158 9 74 72 61 
1159 85 68 92 69 
1160 77 70 85 20 
1161 62 81 44 69 
1162 49 20 84 12 
1163 23 67 71 42 
1164 44 46 62 66 
1165 53 8 70 9 
1166 83 88 58 17 
1167 84 35 94 53 
1168 15 64 12 5 
1169 59 74 48 26 
1170 58 48 49 88 
1171 36 80 22 8 
1172 88 84 88 4 
1173 5 46 58 76 
1174 43 37 16 43 
1175 83 47 71 87 
1176 84 54 90 96 
1177 44 95 74 33 
1178 14 79 12 50 
1179 11 35 22 3 
1180 89 41 24 98 
1181 3 37 69 72 
1182 36 33 28 13 
1183 16 40 86 29 
1184 24 36 60 76 
1185 62 42 73 64 
1186 50 23 12 75 
1187 47 0 43 74 
1188 27 59 98 14 
1189 29 30 4 12 
1190 57 97 33 96 
1191 89 12 40 12 
1192 17 3 15 28 
1193 67 16 83 76 
1194 11 86 27 73 
1195 21 83 95 87 
1196 43 51 4 96 
1197 47 13 88 7 
1198 20 91 97 52 
1199 11 98 15 29 
1200 81 44 96 66 
1201 81 45 12 26 
1202 22 32 75 25 
1203 5 17 41 33 
1204 43 59 41 77 
1205 67 97 55 72 
1206 52 81 44 52 
1207 5 43 45 74 
1208 31 11 7 89 
1209 66 75 57 64 
1210 72 88 66 80 
1211 75 22 96 96 
1212 45 70 96 26 
1213 48 88 68 6 
1214 5 63 23 23 
1215 66 44 43 79 
1216 54 34 48 11 
1217 53 9 81 19 
1218 99 23 27 99 
1219 62 50 43 94 
1220 17 89 87 63 
1221 50 14 85 65 
1222 56 84 29 93 
1223 25 77 25 68 
1224 43 61 37 35 
1225 62 89 93 49 
1226 45 42 36 28 
1227 26 0 79 29 
1228 72 35 14 82 
1229 10 7 42 90 
1230 12 61 4 57 
1231 5 66 45 8 
1232 93 2 5 39 
1233 75 85 96 98 
1234 87 48 56 2 
1235 84 65 61 56 
1236 61 3 75 16 
1237 58 47 81 83 
1238 82 91 59 70 
1239 8 83 9 76 
1240 43 24 48 2 
1241 69 92 94 13 
1242 10 78 74 39 
1243 69 90 32 26 
1244 60 51 60 27 
1245 15 88 6 5 
1246 88 6 39 60 
1247 66 32 89 68 
1248 73 75 82 77 
1249 88 61 10 88 
1250 51 68 46 20 
1251 24 86 95 87 
1252 96 8 61 53 
1253 66 31 73 85 
1254 55 13 17 84 
1255 28 59 27 73 
1256 96 59 34 56 
1257 58 43 71 27 
1258 26 35 54 39 
1259 32 90 22 84 
1260 28 73 74 49 
1261 34 46 37 65 
1262 21 87 17 3 
1263 84 8 29 54 
1264 63 95 5 84 
1265 55 45 17 17 
1266 36 65 71 49 
1267 92 62 59 61 
1268 41 42 79 83 
1269 65 90 62 51 
1270 69 7 59 66 
1271 87 91 59 9 
1272 74 53 88 47 
1273 99 88 25 97 
1274 85 17 77 23 
1275 64 7 46 20 
1276 32 51 64 69 
1277 63 96 4 61 
1278 90 54 82 7 
1279 16 80 81 37 
1280 65 99 73 69 
1281 34 51 85 62 
1282 27 20 77 81 
1283 71 50 83 89 
1284 22 66 57 70 
1285 74 78 97 74 
1286 41 99 69 76 
1287 18 60 11 71 
1288 1 80 94 94 
1289 83 4 41 19 
1290 81 89 82 81 
1291 66 3 19 92 
1292 82 4 3 91 
1293 42 80 33 75 
1294 63 21 40 4 
1295 50 67 45 65 
1296 96 83 93 13 
1297 83 15 47 64 
1298 40 19 96 63 
1299 94 96 49 9 
1300 57 43 57 29 
1301 6 2 6 35 
1302 58 84 76 72 
1303 34 52 23 60 
1304 1 3 22 96 
1305 13 9 4 73 
1306 64 52 28 66 
1307 76 92 72 63 
1308 40 29 64 39 
1309 43 78 28 98 
1310 49 87 2 79 
1311 53 30 92 53 
1312 35 47 50 4 
1313 2 78 96 43 
1314 44 95 82 35 
1315 71 46 95 84 
1316 69 69 72 60 
1317 80 37 51 99 
1318 7 66 12 48 
1319 38 31 13 90 
1320 50 67 82 76 
1321 72 42 7 71 
1322 66 46 2 5 
1323 44 94 27 41 
1324 88 16 21 73 
1325 89 14 64 47 
1326 24 42 10 80 
1327 26 77 81 27 
1328 69 23 0 45 
1329 24 20 1 88 
1330 45 56 91 54 
1331 70 19 30 76 
1332 37 85 54 70 
1333 95 87 64 13 
1334 83 99 69 49 
1335 21 82 52 95 
1336 24 56 30 95 
1337 1 79 99 39 
1338 95 42 42 79 
1339 44 65 41 51 
1340 70 98 81 5 
1341 94 34 57 56 
1342 74 36 69 14 
1343 14 72 53 92 
1344 75 82 1 38 
1345 25 28 73 60 
1346 7 69 14 73 
1347 2 91 58 21 
1348 18 39 81 33 
1349 10 49 2 36 
1350 95 18 76 22 
1351 13 59 68 34 
1352 79 34 65 66 
1353 43 25 42 25 
1354 9 3 7 75 
1355 19 41 84 74 
1356 30 52 3 66 
1357 1 10 48 20 
1358 86 21 20 64 
1359 70 88 3 56 
1360 10 37 66 47 
1361 23 19 86 72 
1362 83 40 58 94 
1363 98 76 32 78 
1364 16 64 96 59 
1365 9 32 90 47 
1366 74 40 25 60 
1367 34 97 43 31 
1368 80 49 93 39 
1369 98 30 40 3 
1370 25 14 28 68 
1371 52 74 28 96 
1372 44 1 18 91 
1373 91 89 80 72 
1374 86 89 5 38 
1375 55 58 76 52 
1376 7 33 70 41 
1377 26 56 79 57 
1378 87 5 52 64 
1379 3 76 3 66 
1380 48 40 67 34 
1381 8 45 47 79 
1382 41 42 79 97 
1383 58 4 31 92 
1384 25 35 48 35 
1385 20 98 17 81 
1386 65 68 14 44 
1387 20 77 35 60 
1388 19 87 72 29 
1389 60 53 28 72 
1390 86 85 30 78 
1391 58 89 95 23 
1392 98 45 93 69 
1393 49 37 79 94 
1394 80 10 81 60 
1395 33 12 59 92 
1396 25 57 10 62 
1397 49 45 95 81 
1398 16 55 45 94 
1399 40 60 27 91 
1400 94 76 97 77 
1401 44 38 33 78 
1402 43 50 39 44 
1403 61 28 0 97 
1404 18 75 43 52 
1405 45 96 70 26 
1406 6 59 71 61 
1407 6 66 53 4 
1408 50 11 51 15 
1409 80 40 57 70 
1410 15 97 29 31 
1411 90 92 79 42 
1412 28 61 20 14 
1413 6 1 6 62 
1414 93 86 19 77 
1415 57 60 35 98 
1416 63 94 75 87 
1417 22 21 33 13 
1418 46 87 67 82 
1419 94 85 6 68 
1420 86 97 17 55 
1421 33 31 95 16 
1422 80 51 3 94 
1423 55 86 75 63 
1424 8 97 96 53 
1425 36 71 93 57 
1426 60 20 58 61 
1427 87 44 47 90 
1428 52 88 16 24 
1429 3 54 20 14 
1430 20 76 20 63 
1431 77 89 38 87 
1432 6 32 66 60 
1433 48 36 24 58 
1434 12 75 65 41 
1435 32 57 18 5 
1436 29 50 83 62 
1437 67 14 42 3 
1438 47 15 70 69 
1439 61 63 94 79 
1440 34 56 19 62 
1441 82 0 35 15 
1442 30 88 31 79 
1443 10 49 29 66 
1444 2 87 57 29 
1445 52 93 84 87 
1446 50 24 38 65 
1447 84 57 56 95 
1448 35 96 7 35 
1449 50 59 92 36 
1450 72 59 56 73 
1451 97 53 88 55 
1452 65 53 69 36 
1453 58 64 97 20 
1454 76 28 86 81 
1455 46 31 37 67 
1456 79 40 63 15 
1457 69 71 41 5 
1458 65 92 73 14 
1459 58 26 35 17 
1460 58 96 75 60 
1461 30 69 5 76 
1462 60 74 56 13 
1463 29 49 10 32 
1464 23 35 73 70 
1465 28 32 54 54 
1466 63 24 34 99 
1467 6 57 6 62 
1468 86 87 65 98 
1469 46 48 59 14 
1470 15 27 82 64 
1471 53 14 59 54 
1472 39 55 3 21 
1473 54 21 86 45 
1474 81 43 32 23 
1475 52 36 87 93 
1476 60 40 10 75 
1477 25 98 85 49 
1478 45 45 27 4 
1479 89 85 87 85 
1480 23 67 71 9 
1481 63 18 1 65 
1482 79 38 73 29 
1483 71 13 17 88 
1484 9 51 76 93 
1485 50 4 83 49 
1486 18 47 73 32 
1487 45 52 61 96 
1488 40 84 29 51 
1489 81 79 40 68 
1490 75 14 6 38 
1491 23 59 90 61 
1492 17 49 32 25 
1493 4 58 42 17 
1494 1 73 32 2 
1495 16 78 3 58 
1496 33 8 40 79 
1497 3 24 94 2 
1498 20 25 2 28 
1499 94 7 12 63 
